     0/299     3.37G    0.1158   0.03673   0.04444     0.197        25       640  0.006635   0.01852  0.001045 0.0002771    0.1133   0.02961   0.04292
     1/299     3.57G    0.1119   0.03328    0.0423    0.1875        20       640  0.007479   0.02778  0.001612 0.0002252    0.1081   0.02837   0.04041
     2/299     3.57G    0.1076   0.03503   0.03967    0.1823        37       640  0.009646   0.03704  0.002834 0.0004157    0.1042   0.02747   0.03718
     3/299     3.57G    0.1033   0.03536    0.0369    0.1756        48       640   0.01457   0.03704  0.003856 0.0008528    0.1012   0.02667    0.0342
     4/299     3.57G   0.09918   0.03478   0.03457    0.1685        24       640    0.3557   0.02778  0.009451  0.001852   0.09689   0.02697   0.03128
     5/299     3.57G   0.09673   0.03602   0.03129     0.164        37       640     0.362   0.08333   0.03094  0.004437   0.09242    0.0272    0.0283
     6/299     3.57G   0.09323   0.03591   0.02843    0.1576        31       640    0.3734    0.1204   0.03715  0.008876   0.09187   0.02636   0.02554
     7/299     3.57G   0.08951   0.03736   0.02612     0.153        29       640    0.7996    0.1019   0.09409   0.02294   0.08907   0.02591   0.02269
     8/299     3.57G   0.09031   0.03595   0.02405    0.1503        37       640    0.8087   0.09259   0.09158   0.02877   0.08629   0.02564   0.02073
     9/299     3.57G   0.08511    0.0361   0.02133    0.1425        28       640    0.7806    0.1828    0.1054   0.03374    0.0848   0.02446   0.01862
    10/299     3.57G   0.08272   0.03614   0.01962    0.1385        49       640    0.8384    0.1481    0.1515   0.05462    0.0822   0.02357   0.01713
    11/299     3.57G   0.07829   0.03297   0.01796    0.1292        26       640    0.8125    0.2018    0.1838   0.06082   0.08126   0.02257   0.01539
    12/299     3.57G   0.07639   0.03328   0.01548    0.1251        31       640    0.8516    0.1852    0.1731   0.05472   0.07988   0.02184   0.01388
    13/299     3.57G   0.07309    0.0318   0.01431    0.1192        28       640    0.8686    0.1852    0.1961   0.05804   0.07703   0.02178   0.01298
    14/299     3.57G   0.07205   0.03168    0.0135    0.1172        33       640     0.923     0.185    0.2231   0.07457   0.07591   0.02109    0.0123
    15/299     3.57G   0.07151   0.03173   0.01393    0.1172        43       640    0.8392    0.2384    0.1833   0.07714   0.07483   0.02074   0.01144
    16/299     3.57G     0.072   0.03207   0.01235    0.1164        28       640    0.8277    0.1385    0.1358   0.04846   0.07678   0.02046   0.01092
    17/299     3.57G   0.07301   0.02821   0.01175     0.113        25       640    0.7594    0.2498    0.1273    0.0424   0.07621    0.0204   0.01133
    18/299     3.57G   0.07078   0.02878   0.01167    0.1112        23       640    0.7763    0.1633    0.1124   0.04148   0.07794   0.01961   0.01081
    19/299     3.57G   0.07252   0.03166   0.01148    0.1157        43       640     0.869    0.1574     0.181   0.06841   0.07111   0.02055  0.009653
    20/299     3.57G   0.06789   0.02972   0.01059    0.1082        40       640    0.8425    0.1759    0.1661   0.06199   0.07339   0.02056   0.01093
    21/299     3.57G    0.0662   0.02928  0.008834    0.1043        33       640    0.8439    0.1481    0.1596   0.06357   0.07337   0.02032   0.01071
    22/299     3.57G   0.06947   0.02978  0.009173    0.1084        28       640    0.8777    0.1759    0.1746   0.07745   0.06882   0.02079   0.00942
    23/299     3.57G   0.06863    0.0303  0.007546    0.1065        33       640     0.789    0.1665    0.1336   0.06148   0.07152   0.02004   0.00967
    24/299     3.57G   0.06648   0.02887  0.008446    0.1038        32       640    0.8546    0.2034    0.1873   0.07841   0.06471   0.02096  0.009238
    25/299     3.57G   0.06188   0.02663  0.008409   0.09691        29       640    0.7867    0.2315    0.1573   0.05745   0.06726   0.02059  0.008199
    26/299     3.57G   0.06628   0.03009  0.006631     0.103        34       640    0.8749    0.1849    0.1979   0.08363    0.0632    0.0205  0.007467
    27/299     3.57G   0.06315   0.03491  0.007991    0.1061        44       640    0.8293    0.2117    0.1788   0.06748   0.06562   0.01928  0.007463
    28/299     3.57G   0.06231     0.029  0.007061   0.09837        36       640    0.8533     0.212     0.201    0.0797    0.0653   0.02017  0.007518
    29/299     3.57G   0.06208    0.0292  0.007558   0.09884        41       640    0.8425    0.1756    0.1832   0.07028   0.06313   0.01999  0.007241
    30/299     3.57G   0.05908   0.03022  0.005947   0.09524        16       640     0.795    0.2406     0.256    0.1114   0.06374   0.01954  0.008625
    31/299     3.57G   0.06062   0.02726  0.005913   0.09379        29       640    0.6166    0.2593    0.2078   0.09506   0.06331   0.01918  0.008011
    32/299     3.57G   0.05657   0.03098  0.006715   0.09426        39       640    0.8655    0.2401      0.25   0.09455    0.0606   0.01965  0.006732
    33/299     3.57G   0.05877    0.0273  0.005376   0.09145        35       640     0.573    0.2394    0.1914   0.07868   0.06244   0.02066  0.009832
    34/299     3.57G   0.05924   0.02766  0.005793   0.09269        18       640    0.5266      0.25    0.1953   0.08921   0.06338   0.01973  0.007691
    35/299     3.57G   0.05841   0.02707  0.004629   0.09011        42       640     0.505    0.2685    0.1798     0.072   0.06273   0.01884  0.006533
    36/299     3.57G   0.05811   0.02526  0.004465   0.08784        29       640    0.7503    0.2778    0.2824    0.1111   0.06014   0.02011  0.007566
    37/299     3.57G   0.05919   0.02663  0.004772   0.09059        36       640    0.8628    0.2593      0.29    0.1384    0.0616   0.01959  0.007938
    38/299     3.57G   0.05418   0.02226  0.004474   0.08092        41       640    0.5613    0.3241    0.2704    0.1124   0.06481   0.01972  0.006965
    39/299     3.57G   0.05659   0.02568  0.004361   0.08663        27       640    0.6051     0.274    0.2348   0.08894   0.06441   0.02056   0.01083
    40/299     3.57G   0.05719   0.02578  0.005509   0.08848        25       640    0.5197    0.3333    0.2393     0.126   0.05727   0.02076   0.00631
    41/299     3.57G     0.055   0.02661  0.005483   0.08708        29       640    0.6185    0.3611    0.2654     0.102   0.05837   0.01989  0.005559
    42/299     3.57G   0.05683   0.02466  0.003927   0.08542        36       640    0.5691    0.2851    0.2458    0.1166   0.05956   0.02085  0.006304
    43/299     3.57G   0.05516    0.0258  0.004071   0.08504        25       640    0.6343    0.2494    0.2406    0.1095    0.0597   0.02091  0.006415
    44/299     3.57G   0.05378   0.02551  0.003913    0.0832        34       640    0.5922    0.2685    0.2208   0.08969   0.06014   0.01991  0.004696
    45/299     3.57G    0.0541   0.02323  0.004118   0.08145        17       640    0.7528      0.25    0.2671     0.118   0.05591   0.02114  0.005715
    46/299     3.57G   0.05399   0.02614  0.003892   0.08402        41       640    0.6009    0.2407    0.2289    0.1051   0.06257   0.02012  0.006447
    47/299     3.57G   0.05232   0.02309  0.004495   0.07991        30       640    0.7134    0.2991    0.3097    0.1262    0.0578   0.02024  0.005757
    48/299     3.57G   0.05213   0.02404  0.004401   0.08057        41       640    0.7463    0.3225    0.3221    0.1453    0.0555   0.01957  0.005085
    49/299     3.57G   0.04874   0.02366   0.00602   0.07842        18       640    0.6274     0.287    0.2364   0.08098   0.06023   0.01995  0.006213
    50/299     3.57G   0.05808   0.02356  0.003829   0.08547        36       640    0.4594    0.2222    0.1327   0.05642   0.07063   0.02013  0.009078
    51/299     3.57G   0.05736   0.02386  0.003981    0.0852        34       640     0.847     0.259    0.2616   0.09766    0.0594   0.02003  0.006628
    52/299     3.57G   0.05781   0.02244  0.004707   0.08495        25       640    0.5891    0.2951    0.2331    0.1004   0.06338   0.01937  0.007611
    53/299     3.57G   0.05611   0.02609  0.004358   0.08656        33       640     0.561    0.2407    0.2166    0.1031   0.06335    0.0192  0.008361
    54/299     3.57G   0.05712    0.0226  0.004871   0.08459        38       640    0.8224    0.1944    0.2349   0.08135    0.0597   0.02158   0.01117
    55/299     3.57G   0.05291   0.02321  0.004117   0.08024        25       640    0.5905    0.2222     0.221   0.09897    0.0583    0.0215  0.007816
    56/299     3.57G    0.0508   0.02418  0.003964   0.07894        33       640    0.5525    0.3409    0.2091   0.09528   0.05858   0.02219  0.008517
    57/299     3.57G   0.05372   0.02184  0.004665   0.08023        29       640    0.5836    0.2587    0.2047   0.08874   0.05968   0.02243  0.009954
    58/299     3.57G   0.05288   0.02534  0.004192   0.08241        37       640    0.5772    0.3056    0.2282    0.1066   0.05926   0.02078  0.007503
    59/299     3.57G   0.05146   0.02703  0.003469   0.08196        32       640     0.642    0.2406     0.233    0.1093   0.05726   0.02013  0.006125
    60/299     3.57G   0.05168   0.02217  0.003702   0.07755        31       640    0.7545    0.1943    0.2511    0.1297   0.05582   0.02166  0.006391
    61/299     3.57G    0.0468   0.02265  0.004223   0.07367        30       640    0.6869    0.3056    0.3169    0.1421   0.05701   0.01999  0.005424
    62/299     3.57G   0.04734   0.02198  0.003745   0.07307        38       640    0.6351    0.3241    0.2402   0.09736   0.05923   0.01943   0.00414
    63/299     3.57G   0.05173   0.02201  0.003784   0.07753        21       640    0.6192    0.4352    0.3125      0.15   0.05496   0.02015  0.004613
    64/299     3.57G   0.04892   0.02416    0.0036   0.07668        50       640    0.6104    0.4591    0.3307    0.1495    0.0533   0.01984  0.005136
    65/299     3.57G   0.04713    0.0215  0.003687   0.07231        20       640    0.6092    0.3469    0.2771     0.129   0.05765   0.02005  0.005179
    66/299     3.57G   0.04842   0.02212  0.005055   0.07559        33       640    0.6157    0.3241    0.2807    0.1378   0.06244   0.02025    0.0064
    67/299     3.57G   0.04791   0.02398  0.003352   0.07523        34       640    0.5583    0.3934     0.282    0.1269   0.05736   0.02042  0.007514
    68/299     3.57G   0.04803   0.02317  0.003696   0.07489        38       640    0.5989    0.3241     0.249    0.1106   0.05872   0.01995  0.008571
    69/299     3.57G   0.05032   0.01916  0.004036   0.07353        25       640    0.6466    0.2778    0.2247   0.09537   0.06046   0.02404    0.0111
    70/299     3.57G   0.04944   0.02167  0.003992    0.0751        24       640    0.6245    0.3241    0.2701    0.1228   0.05406   0.02225  0.007992
    71/299     3.57G   0.04631   0.02291  0.004357   0.07358        30       640    0.6355    0.2682    0.2751   0.09549   0.05751   0.02306  0.009213
    72/299     3.57G   0.05117   0.02145  0.002884   0.07551        27       640    0.6319    0.2496    0.2455    0.1044   0.05577   0.02368  0.006805
    73/299     3.57G   0.04669   0.02181  0.003503   0.07201        30       640    0.6177    0.3322    0.2517    0.1044   0.05697   0.02335    0.0085
    74/299     3.57G   0.04823   0.02198   0.00319   0.07341        30       640    0.6807    0.2593     0.246   0.09699   0.06097   0.02205  0.006105
    75/299     3.57G     0.046   0.02193  0.003039   0.07097        56       640    0.7321    0.2963    0.3103    0.1509   0.05532   0.02248  0.006959
    76/299     3.57G   0.04756   0.02165  0.003223   0.07243        34       640     0.729    0.2867    0.3195     0.139   0.06075   0.02094  0.007141
    77/299     3.57G   0.04988   0.02248  0.004491   0.07685        29       640    0.5812    0.3611    0.2789     0.131   0.06187   0.02149  0.005539
    78/299     3.57G   0.04641   0.02006  0.003303   0.06978        25       640    0.9154    0.1852    0.2714    0.1116   0.05993   0.02276  0.006832
    79/299     3.57G   0.04624   0.02164  0.003448   0.07132        35       640    0.6704    0.3327    0.2933    0.1328   0.05602   0.02005  0.005946
    80/299     3.57G   0.04425   0.02152  0.003125    0.0689        41       640    0.5746    0.2963    0.2325   0.09141   0.06098   0.02161  0.007312
    81/299     3.57G   0.04277   0.02156   0.00346   0.06779        35       640    0.6962    0.3376    0.2906    0.1248   0.05685   0.02165  0.008762
    82/299     3.57G   0.04399   0.02214  0.002759   0.06889        29       640    0.6226    0.3333    0.2456   0.09521   0.05967    0.0223  0.006484
    83/299     3.57G   0.05147   0.02154  0.002796   0.07581        25       640    0.5714    0.2404    0.1716   0.06279   0.06742   0.02245  0.006212
    84/299     3.57G   0.06015   0.02297  0.004049   0.08717        40       640    0.5856    0.2407    0.1994   0.09151   0.06319   0.02231  0.006339
    85/299     3.57G   0.04807   0.01993  0.003966   0.07197        35       640    0.7004    0.2593    0.2627    0.1256   0.05796   0.02184  0.005218
    86/299     3.57G    0.0496   0.01998  0.003642   0.07323        29       640    0.9128    0.2593     0.301    0.1198   0.05807   0.02282   0.00517
    87/299     3.57G   0.04371   0.01997   0.00336   0.06704        30       640    0.6542    0.3241    0.2711   0.09895   0.06128   0.02372  0.006744
    88/299     3.57G   0.04932   0.02188  0.002953   0.07415        47       640    0.6165    0.3241    0.2704    0.1179   0.05907   0.02113  0.005463
    89/299     3.57G   0.05197   0.02065  0.003266   0.07589        44       640    0.6724    0.2939     0.286    0.1145   0.05942   0.02046  0.006004
    90/299     3.57G   0.05554   0.01974    0.0033   0.07858        30       640    0.2169    0.7111    0.3242    0.1176   0.05806   0.02238  0.008289
    91/299     3.57G   0.04717   0.02197  0.004105   0.07324        46       640    0.6169    0.3333    0.2847     0.111   0.05609   0.02079  0.008879
    92/299     3.57G   0.04834   0.01987  0.002877   0.07108        37       640    0.6867    0.2221    0.2653    0.1325   0.05436   0.02216  0.006026
    93/299     3.57G   0.04473   0.02062  0.003238   0.06859        28       640    0.6743    0.3426     0.312    0.1368   0.05324   0.02036  0.005111
    94/299     3.57G    0.0441   0.01791  0.002696    0.0647        27       640    0.6013    0.3426    0.2862    0.1398   0.05231   0.02231  0.005222
    95/299     3.57G   0.04428   0.02107  0.002992   0.06834        40       640    0.5095    0.6667    0.5918    0.1905   0.05532   0.02176  0.005832
    96/299     3.57G   0.04663   0.01957  0.003622   0.06982        39       640    0.4465    0.8241    0.5818    0.3502   0.05503   0.01977   0.00907
    97/299     3.57G    0.0421   0.02018  0.003689   0.06596        19       640    0.5114    0.2854    0.2238   0.09311   0.05682   0.02187  0.007748
    98/299     3.57G   0.04837   0.02069  0.002706   0.07177        33       640    0.5106    0.2593    0.1739   0.07875   0.06413   0.02579   0.01307
    99/299     3.57G    0.0486   0.02217  0.003145   0.07392        41       640    0.6201    0.1664    0.2037   0.09691   0.05791   0.02356  0.009184
   100/299     3.57G    0.0481   0.02161  0.003361   0.07308        43       640    0.5856    0.2094    0.1588   0.06475   0.06229   0.02489  0.008971
   101/299     3.57G   0.04487   0.01957  0.002638   0.06707        32       640    0.6706      0.25    0.1928   0.08776   0.06158   0.02348  0.008229
   102/299     3.57G   0.04852    0.0211  0.004046   0.07366        34       640    0.6201    0.2778    0.2122   0.09667   0.06251   0.02603   0.01046
   103/299     3.57G   0.04354   0.02005  0.003373   0.06696        22       640    0.5055    0.3148    0.2155    0.1079   0.06247   0.02302  0.008762
   104/299     3.57G    0.0487   0.02311  0.003082   0.07489        26       640    0.7244    0.2037    0.2289   0.09253   0.06106     0.022   0.01091
   105/299     3.57G   0.04585   0.02049  0.002693   0.06903        44       640    0.2612    0.2956     0.275    0.1154   0.05729   0.02095  0.008263
   106/299     3.57G    0.0455    0.0241  0.002727   0.07233        56       640    0.6694    0.1943    0.2286   0.09256   0.05602   0.02229  0.006201
   107/299     3.57G   0.04099   0.01943  0.002663   0.06309        24       640    0.1924    0.3212    0.1995    0.0816   0.06143   0.02328  0.008104
   108/299     3.57G   0.04152   0.02085   0.00234   0.06471        35       640    0.5369    0.5741    0.5301    0.2233   0.06244     0.023  0.008645
   109/299     3.57G   0.04432   0.02276  0.002828   0.06991        48       640    0.1614    0.6944    0.2461    0.1166   0.05709   0.02251  0.008043
   110/299     3.57G    0.0452   0.02125  0.002534   0.06898        26       640    0.6957    0.2593    0.2838    0.1316   0.05412   0.02183  0.006378
   111/299     3.57G   0.04105   0.02027  0.002624   0.06395        38       640    0.2404    0.2778    0.2758    0.1187   0.05715   0.02144  0.005395
   112/299     3.57G   0.04086   0.01758  0.002525   0.06097        31       640    0.6954    0.2685    0.2821    0.1312   0.05426   0.02396  0.004518
   113/299     3.57G   0.04371   0.02062  0.002426   0.06675        43       640    0.6275    0.3056     0.292    0.1203   0.05746   0.02321  0.004307
   114/299     3.57G   0.04872   0.02051  0.002247   0.07147        37       640    0.6406    0.2663    0.2909    0.1364   0.05881   0.02154  0.003676
   115/299     3.57G   0.04241   0.02024  0.002172   0.06482        27       640    0.7509    0.3051    0.3976     0.181     0.053   0.01994  0.003111
   116/299     3.57G     0.042   0.02075  0.002853    0.0656        42       640    0.6107    0.3698    0.3093    0.1453   0.05226   0.01992   0.00349
   117/299     3.57G   0.04216   0.01976  0.002698   0.06461        29       640    0.5996    0.2685     0.258    0.1167   0.05513   0.02036  0.004717
   118/299     3.57G   0.04231     0.022  0.002382    0.0667        23       640    0.6574    0.3241    0.2583   0.09716   0.05782   0.02231  0.004598
   119/299     3.57G   0.03815    0.0211  0.002293   0.06155        39       640    0.7758    0.3114    0.3196     0.137   0.05421   0.02096  0.003765
   120/299     3.57G   0.04086   0.02029  0.002591   0.06374        31       640    0.5049    0.6111    0.5834    0.1861   0.05648   0.02275  0.004757
   121/299     3.57G   0.03689   0.01878  0.002312   0.05799        26       640    0.7162    0.2314    0.2597    0.1464   0.05442   0.02227   0.00383
   122/299     3.57G   0.04017   0.02173  0.002064   0.06396        43       640    0.5986    0.3889    0.2824    0.1385   0.05409   0.02156    0.0042
   123/299     3.57G   0.03723   0.01836  0.002233   0.05782        21       640    0.2625    0.3704    0.2777    0.1374   0.05329    0.0227  0.006173
   124/299     3.57G    0.0353     0.019  0.002233   0.05654        35       640    0.6073    0.3333    0.2595    0.1313   0.05434    0.0231  0.006326
   125/299     3.57G   0.04035   0.01991  0.001866   0.06213        29       640    0.1914     0.713     0.286    0.1471   0.05672   0.02323  0.007059
   126/299     3.57G   0.04256    0.0196  0.001895   0.06405        31       640    0.2712    0.3333    0.3221    0.1519   0.05664   0.02162  0.006897
   127/299     3.57G    0.0356   0.01766  0.001771   0.05503        30       640    0.3164    0.3239    0.3242    0.1476    0.0555   0.02185  0.006625
   128/299     3.57G   0.03753   0.02054  0.001975   0.06004        34       640    0.7395    0.3333    0.3406    0.1498   0.05588   0.02046  0.006255
   129/299     3.57G   0.03692   0.01884  0.001712   0.05748        32       640    0.7707    0.2963    0.3858    0.1638   0.05899   0.01959  0.006171
   130/299     3.57G   0.03737   0.01929  0.002023   0.05868        39       640    0.8244    0.2683    0.3527    0.1411   0.05651   0.02108  0.004811
   131/299     3.57G   0.03566   0.01869  0.001718   0.05607        16       640    0.7865    0.2685    0.2954    0.1156   0.05885   0.02201  0.004419
   132/299     3.57G   0.03901   0.01864  0.001802   0.05945        25       640    0.2053    0.3889    0.2584    0.1202   0.05567   0.02344  0.005639
   133/299     3.57G   0.03409   0.01787  0.002472   0.05444        31       640    0.6869    0.2572    0.2545   0.09922   0.05658   0.02448  0.005941
   134/299     3.57G   0.03562   0.01876  0.001991   0.05637        34       640    0.3399    0.6389    0.4184    0.1511   0.05552   0.02429  0.004468
   135/299     3.57G   0.03609   0.01809  0.002083   0.05626        41       640    0.6974    0.2685    0.2788    0.1213   0.05608   0.02355  0.005101
   136/299     3.57G   0.03789   0.01871  0.002061   0.05867        27       640    0.7138     0.287    0.2595   0.09732   0.05889   0.02437  0.006815
   137/299     3.57G   0.03313   0.01894  0.001869   0.05394        41       640    0.6295    0.2963    0.2419    0.1073   0.05849   0.02368  0.007133
   138/299     3.57G   0.03556   0.01731  0.001648   0.05452        25       640    0.9342    0.2685    0.2984    0.1303   0.05503   0.02296  0.005904
   139/299     3.57G    0.0365   0.01755  0.002064   0.05611        34       640    0.7241    0.2933    0.3058    0.1275   0.05653    0.0225  0.006365
   140/299     3.57G   0.03733    0.0194  0.001915   0.05864        30       640    0.6894    0.6111    0.6586    0.2824   0.05442    0.0214  0.005057
   141/299     3.57G   0.03515   0.01714  0.001725   0.05401        30       640    0.6936    0.3426    0.3572    0.1651   0.05372   0.02183  0.004256
   142/299     3.57G    0.0353   0.01656  0.001653    0.0535        30       640    0.7128    0.3241    0.3454    0.1525   0.05197   0.02265  0.004516
   143/299     3.57G   0.03351   0.01816  0.002022   0.05369        33       640    0.7137    0.3239    0.3346    0.1418   0.05053   0.02329  0.004748
   144/299     3.57G   0.03535   0.01795  0.001974   0.05528        31       640    0.7742    0.3611    0.3339    0.1613    0.0477   0.02205  0.004602
   145/299     3.57G   0.03271   0.01787  0.001575   0.05215        48       640    0.7982    0.3704    0.3599    0.1724   0.04763   0.02154   0.00481
   146/299     3.57G   0.03384   0.01858  0.001527   0.05394        35       640    0.8005    0.3553    0.3532    0.1751   0.04808   0.02168  0.005787
   147/299     3.57G   0.03343   0.01783  0.001766   0.05303        39       640    0.7537    0.3885    0.3508    0.1613   0.04814   0.02158  0.005737
   148/299     3.57G    0.0329   0.01577  0.001415   0.05009        36       640    0.8493    0.3333    0.3437    0.1515   0.04899   0.02291  0.004809
   149/299     3.57G    0.0322   0.01741  0.001528   0.05114        24       640    0.7612    0.3241    0.3356    0.1549   0.05121   0.02222  0.004515
   150/299     3.57G   0.03316    0.0172   0.00163   0.05199        42       640    0.7238    0.3529    0.3309    0.1461   0.04964   0.02203  0.004623
   151/299     3.57G   0.03325   0.01931  0.001504   0.05406        29       640    0.8147    0.3148    0.3585    0.1738   0.04816   0.02084  0.005024
   152/299     3.57G   0.03233   0.01724  0.001286   0.05086        27       640    0.6836    0.4352    0.3768    0.1717   0.05013   0.02051  0.004948
   153/299     3.57G   0.03272   0.01787   0.00133   0.05192        41       640    0.7734    0.3989    0.3648    0.1826   0.04915   0.02072  0.005235
   154/299     3.57G   0.03523   0.01783  0.001574   0.05464        35       640    0.7533    0.4347    0.3498    0.1529   0.05064   0.02105  0.005519
   155/299     3.57G   0.03028   0.01602  0.001636   0.04794        26       640    0.7707    0.3879    0.3479    0.1617   0.05165   0.02259  0.005712
   156/299     3.57G   0.03316   0.01668  0.001543   0.05138        36       640    0.6852    0.3333     0.309    0.1388   0.05124   0.02457  0.006489
   157/299     3.57G   0.03168   0.01743  0.001561   0.05067        43       640    0.7274    0.3282    0.2975    0.1368   0.05206   0.02409   0.00672
   158/299     3.57G   0.03155   0.01627  0.001395   0.04922        25       640     0.698    0.3513    0.3521    0.1517   0.05254   0.02342  0.005895
   159/299     3.57G   0.02967   0.01474  0.001909   0.04632        31       640    0.7171    0.3426    0.3528    0.1506   0.05418   0.02199  0.005713
   160/299     3.57G   0.03065   0.01693  0.001562   0.04914        39       640    0.7558    0.3465    0.3702    0.1453   0.05244   0.02275  0.005384
   161/299     3.57G   0.03171   0.01665  0.001365   0.04972        36       640     0.869    0.2961    0.3738    0.1533   0.05253   0.02243  0.005144
   162/299     3.57G   0.03002   0.01572  0.001325   0.04706        27       640    0.7275    0.3333    0.3449    0.1587   0.05314   0.02323   0.00513
   163/299     3.57G   0.02904   0.01566  0.001037   0.04574        22       640    0.7582    0.3638    0.3659    0.1551   0.05376   0.02261  0.004576
   164/299     3.57G   0.03299   0.01637  0.001061   0.05041        24       640    0.6986    0.4073    0.3606    0.1449   0.05378   0.02246  0.004898
   165/299     3.57G   0.03018   0.01741  0.001173   0.04877        45       640    0.7445    0.3214    0.3107    0.1523   0.05393   0.02286  0.005093
   166/299     3.57G   0.03217   0.01871  0.001692   0.05257        55       640    0.6924    0.3857    0.3531    0.1614   0.05227   0.02309  0.004693
   167/299     3.57G   0.02894   0.01769  0.001299   0.04793        28       640    0.7349    0.4151    0.3722    0.1584   0.05098   0.02324  0.004365
   168/299     3.57G   0.03246   0.01608  0.001272   0.04981        33       640    0.3754    0.3703    0.3164    0.1512   0.05126   0.02512   0.00511
   169/299     3.57G   0.02922   0.01528  0.001135   0.04563        18       640     0.412    0.4074    0.3408    0.1529    0.0528   0.02585  0.005396
   170/299     3.57G   0.03164   0.01813  0.001158   0.05092        60       640    0.7859     0.324    0.3135    0.1444   0.05284    0.0264  0.005811
   171/299     3.57G   0.02824   0.01641   0.00118   0.04583        40       640    0.3761    0.3052     0.288    0.1419    0.0559   0.02607  0.005964
   172/299     3.57G   0.03119   0.01516  0.001359   0.04771        27       640    0.7823    0.3148    0.2892     0.141   0.05465   0.02666  0.006146
   173/299     3.57G   0.02872   0.01496   0.00124   0.04493        34       640    0.8695    0.2963    0.3085    0.1525   0.05326   0.02599  0.005702
   174/299     3.57G   0.03102   0.01625  0.001114   0.04838        27       640    0.7643    0.3056    0.2923    0.1453   0.05358   0.02405  0.005472
   175/299     3.57G   0.02833   0.01551  0.001165   0.04501        36       640    0.7614    0.3056    0.3092    0.1659   0.05236   0.02338  0.004817
   176/299     3.57G   0.03175   0.01586  0.001114   0.04872        32       640    0.6862    0.3426    0.3176    0.1665   0.05153    0.0227  0.004854
   177/299     3.57G   0.02784   0.01707  0.001055   0.04596        43       640     0.722    0.3426    0.3283    0.1714   0.05119   0.02269  0.005149
   178/299     3.57G    0.0296   0.01674  0.001312   0.04765        39       640    0.7033    0.3704    0.3366    0.1779   0.05017   0.02244  0.004558
   179/299     3.57G   0.02699   0.01612  0.001129   0.04424        28       640    0.7893    0.3655    0.3571    0.1835   0.05052   0.02225  0.004065
   180/299     3.57G   0.02647   0.01449 0.0009966   0.04195        31       640    0.7775    0.3787    0.3535    0.1777   0.05059   0.02223  0.003867
   181/299     3.57G   0.02625   0.01483  0.001183   0.04227        35       640    0.6799    0.4436     0.365    0.1715   0.05011   0.02382  0.004033
   182/299     3.57G   0.02894   0.01462 0.0009586   0.04451        36       640     0.424    0.3828    0.3677    0.1778   0.05083   0.02472  0.004138
   183/299     3.57G   0.02691   0.01545  0.001096   0.04346        19       640    0.7906    0.3403    0.3501    0.1633   0.05268   0.02438  0.004276
   184/299     3.57G    0.0292   0.01482  0.001162   0.04519        46       640    0.8255    0.3229    0.3406    0.1524   0.05464   0.02623  0.003988
   185/299     3.57G   0.02796   0.01456  0.001028   0.04355        38       640    0.8507    0.3147    0.3338    0.1487   0.05413   0.02564  0.003869
   186/299     3.57G    0.0296   0.01675   0.00112   0.04747        35       640    0.8053    0.3148    0.3376    0.1395   0.05368   0.02494  0.003922
   187/299     3.57G   0.02628   0.01376 0.0009884   0.04103        25       640    0.7807    0.3077    0.3011    0.1417   0.05237   0.02545  0.004399
   188/299     3.57G   0.02877   0.01487  0.001103   0.04474        31       640    0.7218    0.3425    0.3372    0.1489   0.05139   0.02509  0.004272
   189/299     3.57G   0.02972   0.01604  0.001378   0.04714        22       640    0.7607    0.3446    0.3245    0.1482    0.0522   0.02415  0.003984
   190/299     3.57G    0.0292   0.01548 0.0009271    0.0456        36       640    0.6648    0.3241    0.2868    0.1458    0.0538   0.02301  0.004269
   191/299     3.57G   0.02654   0.01661  0.001572   0.04472        46       640    0.7768    0.3886    0.4049     0.175   0.05187   0.02276  0.004096
   192/299     3.57G   0.02556   0.01536  0.001152   0.04208        45       640    0.7099    0.3704    0.3805    0.1824   0.05292   0.02173  0.004074
   193/299     3.57G   0.02641   0.01504  0.001021   0.04247        36       640     0.707    0.4074    0.3985    0.1788   0.05276   0.02105  0.003929
   194/299     3.57G   0.02687   0.01506  0.000965   0.04289        39       640    0.8083    0.3869    0.3989    0.1763   0.05248   0.02163  0.003926
   195/299     3.57G    0.0273   0.01411   0.00165   0.04306        28       640     0.752    0.3519    0.3699    0.1743   0.05251   0.02291  0.003817
   196/299     3.57G   0.02597    0.0137  0.001537   0.04122        26       640    0.8089    0.3516    0.3594    0.1772    0.0516   0.02388  0.003644
   197/299     3.57G   0.02708   0.01478  0.001092   0.04296        34       640    0.8599    0.3383    0.3484    0.1854   0.05099   0.02464  0.003728
   198/299     3.57G   0.02774    0.0164  0.001012   0.04515        56       640    0.8033    0.3333    0.3292    0.1748    0.0519   0.02564  0.004024
   199/299     3.57G   0.02522   0.01475  0.001101   0.04107        32       640    0.7715    0.3056    0.3043    0.1583   0.05291   0.02585  0.004206
   200/299     3.57G   0.02534   0.01343 0.0009232    0.0397        21       640    0.7152    0.3796    0.3289    0.1652   0.05158   0.02517  0.003898
   201/299     3.57G   0.02665   0.01529  0.001225   0.04316        34       640    0.7272    0.3703    0.3106    0.1598   0.05077   0.02479  0.003606
   202/299     3.57G    0.0262   0.01511  0.001294    0.0426        29       640    0.6878    0.3796    0.3046    0.1561   0.05008   0.02506  0.003634
   203/299     3.57G   0.02441   0.01465  0.001134   0.04019        45       640    0.6914    0.3702    0.2916    0.1561   0.04994   0.02499  0.003773
   204/299     3.57G    0.0243   0.01438 0.0008925   0.03957        38       640    0.7022    0.3426    0.2866    0.1499   0.05022   0.02533  0.004068
   205/299     3.57G   0.02514   0.01464  0.001027   0.04081        27       640    0.7472    0.3333    0.2952    0.1579   0.05013     0.025  0.004282
   206/299     3.57G   0.02525    0.0152 0.0009731   0.04142        40       640    0.7958    0.3348    0.3092    0.1526   0.04963   0.02475  0.003721
   207/299     3.57G   0.02425   0.01332  0.001101   0.03868        22       640    0.7823    0.3519      0.31    0.1447   0.04982    0.0249  0.003602
   208/299     3.57G   0.02523   0.01476  0.001086   0.04108        32       640    0.7836    0.3518     0.297    0.1618   0.05029   0.02442  0.003857
   209/299     3.57G   0.02477   0.01408  0.001049   0.03991        34       640     0.764    0.3608    0.3165    0.1651   0.05051   0.02421  0.004071
   210/299     3.57G   0.02395   0.01332 0.0008141   0.03808        31       640    0.8134     0.306     0.315    0.1769   0.05129   0.02379  0.003751
   211/299     3.57G   0.02491   0.01475 0.0008416    0.0405        26       640    0.8073    0.3056    0.3133    0.1788   0.05176   0.02392   0.00386
   212/299     3.57G   0.02442   0.01423  0.001359   0.04001        31       640    0.7475    0.3426    0.3177    0.1765   0.05208    0.0244  0.004006
   213/299     3.57G   0.02539   0.01338 0.0008871   0.03966        32       640    0.7637    0.3241    0.3111    0.1677   0.05211   0.02499  0.004185
   214/299     3.57G   0.02513   0.01348 0.0009664   0.03957        26       640    0.7863    0.3056    0.3199    0.1595   0.05369   0.02517  0.003874
   215/299     3.57G   0.02479   0.01429 0.0009478   0.04003        21       640    0.7647    0.3056     0.311     0.163   0.05218   0.02618   0.00389
   216/299     3.57G   0.02426   0.01531  0.001143   0.04071        33       640    0.7124    0.2997     0.303    0.1584   0.05133    0.0265  0.003746
   217/299     3.57G   0.02383   0.01316 0.0007816   0.03778        31       640    0.6797    0.3323    0.3028    0.1508   0.05105   0.02638  0.003835
   218/299     3.57G   0.02537    0.0143   0.00106   0.04072        40       640    0.8122    0.2685    0.3058    0.1593   0.05253   0.02549   0.00374
   219/299     3.57G   0.02359    0.0126 0.0008565   0.03705        22       640    0.7874    0.2516    0.2958    0.1528   0.05298    0.0247  0.003547
   220/299     3.57G   0.02374   0.01384  0.001217   0.03879        28       640      0.83    0.2685    0.3042    0.1702   0.05227   0.02402   0.00371
   221/299     3.57G   0.02252   0.01607  0.001089   0.03968        32       640    0.8379    0.2592    0.3016    0.1626   0.05229   0.02389  0.003667
   222/299     3.57G   0.02223   0.01318 0.0009093   0.03632        23       640    0.7397    0.2963    0.2926     0.163    0.0523   0.02438  0.003503
   223/299     3.57G   0.02328   0.01399 0.0008553   0.03813        51       640    0.8292    0.2901    0.3072    0.1578     0.053   0.02479  0.003481
   224/299     3.57G   0.02368   0.01555 0.0008777   0.04011        42       640    0.7354    0.3056    0.2918    0.1577   0.05227   0.02605   0.00358
   225/299     3.57G   0.02349   0.01364 0.0007543   0.03789        33       640    0.8107    0.2963    0.2942    0.1562   0.05197   0.02684  0.003569
   226/299     3.57G   0.02291    0.0134 0.0008286   0.03714        35       640    0.7385    0.2962    0.2883     0.149   0.05235   0.02651  0.003548
   227/299     3.57G   0.02318   0.01305 0.0008378   0.03707        27       640    0.6966    0.3148    0.2869    0.1571   0.05196   0.02629   0.00339
   228/299     3.57G   0.02407   0.01405  0.001147   0.03926        39       640     0.725    0.3514    0.3034    0.1648   0.05092   0.02642  0.003128
   229/299     3.57G   0.02394   0.01457 0.0008278   0.03934        30       640    0.6982    0.3519    0.3017    0.1624   0.05072   0.02659  0.003063
   230/299     3.57G   0.02439   0.01492  0.001076   0.04039        23       640    0.6972    0.3519    0.2936    0.1584   0.05074   0.02624  0.003304
   231/299     3.57G   0.02199   0.01319 0.0008298   0.03601        34       640    0.7259    0.3519    0.3016    0.1577   0.05093   0.02558  0.003308
   232/299     3.57G    0.0243   0.01288 0.0009631   0.03814        36       640    0.7532    0.3456    0.3052    0.1506   0.05182   0.02557  0.003237
   233/299     3.57G   0.02472   0.01458 0.0007932    0.0401        33       640    0.7593    0.3333    0.2956    0.1379   0.05339   0.02537  0.003236
   234/299     3.57G   0.02337   0.01324  0.000826   0.03743        28       640    0.7469    0.3425    0.3018    0.1472   0.05176    0.0255  0.003307
   235/299     3.57G   0.02226   0.01314 0.0008498   0.03625        28       640    0.6953    0.3518    0.3111    0.1467   0.05079   0.02577   0.00337
   236/299     3.57G   0.02351   0.01411 0.0009276   0.03854        46       640    0.8311    0.2951    0.3303    0.1643   0.05061   0.02527  0.003415
   237/299     3.57G   0.02248   0.01294  0.000963   0.03639        34       640    0.7033    0.3422    0.3061    0.1601    0.0514   0.02492  0.003523
   238/299     3.57G   0.02329   0.01258 0.0007936   0.03666        25       640    0.7082    0.3519    0.3252    0.1656   0.05098   0.02498   0.00357
   239/299     3.57G   0.02255   0.01187  0.001089   0.03551        35       640     0.364    0.3511    0.3196    0.1699   0.04985   0.02495  0.003619
   240/299     3.57G   0.02152   0.01215  0.000796   0.03447        41       640    0.7963    0.3055    0.3183     0.178   0.04978   0.02527  0.003689
   241/299     3.57G   0.02214   0.01345 0.0007399   0.03633        27       640    0.6699    0.3704    0.2938    0.1628   0.05066   0.02596  0.004195
   242/299     3.57G   0.02307   0.01322 0.0006441   0.03694        28       640    0.7668    0.3426    0.2973    0.1639    0.0509   0.02591  0.004216
   243/299     3.57G   0.02112   0.01342  0.001024   0.03556        44       640     0.775    0.3519    0.2887    0.1525   0.05133   0.02623  0.004209
   244/299     3.57G   0.02167   0.01208 0.0007752   0.03452        32       640    0.8032     0.354     0.292    0.1512    0.0529   0.02683  0.004351
   245/299     3.57G   0.02204    0.0141 0.0009799   0.03712        22       640    0.7019    0.3519    0.2734    0.1458   0.05326   0.02716  0.004592
   246/299     3.57G   0.02098   0.01386 0.0007319   0.03557        42       640    0.6788    0.3611    0.2884    0.1573   0.05207   0.02734  0.004189
   247/299     3.57G   0.02111   0.01313 0.0009031   0.03515        27       640    0.7423    0.3056    0.2794    0.1479   0.05186    0.0273  0.003909
   248/299     3.57G   0.02276   0.01216 0.0007351   0.03566        35       640    0.7485    0.2963    0.2825    0.1594   0.05109    0.0273  0.003523
   249/299     3.57G   0.02135   0.01297 0.0005545   0.03487        26       640    0.7432    0.3044    0.2858     0.158   0.05138    0.0271  0.003306
   250/299     3.57G    0.0214   0.01225 0.0007375   0.03438        28       640    0.7966    0.2953    0.2931    0.1566   0.05203   0.02686  0.003295
   251/299     3.57G   0.02027    0.0122 0.0007582   0.03324        30       640    0.7528    0.2963    0.2933    0.1467   0.05208   0.02698  0.003456
   252/299     3.57G    0.0207   0.01404  0.000891   0.03563        39       640    0.8207    0.2777    0.3035    0.1575   0.05078   0.02779   0.00352
   253/299     3.57G   0.02127    0.0155 0.0006893   0.03746        33       640    0.7894    0.2778    0.2858    0.1481   0.05073   0.02826  0.003597
   254/299     3.57G   0.02236   0.01249 0.0008473   0.03569        35       640     0.793    0.2778    0.2759    0.1455   0.05099   0.02836  0.003584
   255/299     3.57G   0.02118   0.01459 0.0006925   0.03646        36       640     0.732    0.3148    0.3011    0.1604   0.05138   0.02805  0.003605
   256/299     3.57G   0.02247   0.01427 0.0007401   0.03748        39       640    0.7338    0.3148    0.2998    0.1573   0.05159   0.02805  0.003517
   257/299     3.57G   0.02082   0.01232 0.0009543   0.03409        50       640     0.887    0.2592    0.2874    0.1569   0.05121    0.0285  0.003453
   258/299     3.57G   0.02033   0.01232 0.0007986   0.03345        33       640    0.7643    0.2685    0.2788    0.1486   0.05042    0.0294  0.003363
   259/299     3.57G   0.02075   0.01338 0.0007326   0.03487        30       640    0.7546    0.2685    0.2843    0.1601   0.05038   0.02947  0.003288
   260/299     3.57G   0.02223   0.01296 0.0009036    0.0361        25       640    0.8121    0.2592    0.2914    0.1597   0.05079   0.02908  0.003259
   261/299     3.57G   0.01982   0.01183 0.0006321   0.03228        24       640    0.7974     0.287    0.3116    0.1761   0.05106   0.02894  0.003248
   262/299     3.57G   0.02085   0.01406 0.0006761   0.03559        33       640     0.733    0.3145    0.3169    0.1765   0.05164   0.02806  0.003161
   263/299     3.57G   0.02209   0.01322 0.0008249   0.03613        44       640    0.7778    0.3053    0.3319    0.1816   0.05169   0.02742  0.003434
   264/299     3.57G   0.02123   0.01266 0.0006905   0.03458        26       640    0.7582    0.3241    0.3292    0.1791   0.05197   0.02631  0.003551
   265/299     3.57G   0.02103   0.01249 0.0008376   0.03435        32       640    0.7356    0.3241    0.3328    0.1717    0.0523   0.02608  0.003479
   266/299     3.57G   0.02279   0.01276 0.0007742   0.03632        35       640    0.7727    0.3238    0.3378    0.1718   0.05183   0.02652  0.003289
   267/299     3.57G   0.02065   0.01358 0.0008428   0.03508        63       640    0.8114    0.2963    0.3319    0.1709    0.0514   0.02694  0.003416
   268/299     3.57G   0.02111   0.01142  0.001157   0.03368        29       640    0.8104     0.287    0.3267    0.1718   0.05146   0.02681  0.003502
   269/299     3.57G   0.01982   0.01306 0.0006943   0.03357        30       640    0.8822     0.287    0.3274    0.1692   0.05221   0.02624  0.003377
   270/299     3.57G   0.02017   0.01271 0.0007414   0.03362        44       640    0.9334    0.2963    0.3302    0.1615   0.05259   0.02556  0.003078
   271/299     3.57G   0.02014   0.01213 0.0006995   0.03297        38       640    0.9266     0.315    0.3439    0.1696   0.05252   0.02549   0.00303
   272/299     3.57G   0.02003   0.01313 0.0009893   0.03415        37       640    0.7965    0.3147    0.3292    0.1739   0.05195   0.02608  0.003045
   273/299     3.57G   0.02078   0.01317 0.0007866   0.03473        49       640     0.819    0.3054     0.319    0.1643   0.05176   0.02668  0.003167
   274/299     3.57G   0.02053   0.01136 0.0006482   0.03254        37       640    0.6705    0.3981    0.3252    0.1624   0.05205   0.02664  0.003352
   275/299     3.57G   0.02024   0.01077 0.0006589   0.03167        18       640    0.7119    0.3981    0.3307     0.163   0.05235   0.02664  0.003364
   276/299     3.57G   0.02023    0.0125  0.000609   0.03334        33       640    0.7491    0.3519     0.327    0.1694   0.05148   0.02682  0.003367
   277/299     3.57G   0.02128    0.0137 0.0007909   0.03577        35       640    0.8134    0.3055    0.3095    0.1542   0.05134   0.02692  0.003504
   278/299     3.57G   0.01875   0.01131 0.0005554   0.03061        27       640    0.7028     0.361    0.3066    0.1615   0.05181   0.02702  0.003385
   279/299     3.57G   0.01972   0.01329  0.000901   0.03392        36       640    0.7445    0.3493    0.3246    0.1793   0.05184   0.02686   0.00316
   280/299     3.57G    0.0208   0.01438 0.0007228    0.0359        36       640    0.7643     0.328    0.3093    0.1614   0.05192   0.02711  0.003213
   281/299     3.57G    0.0187   0.01174 0.0006641    0.0311        31       640    0.8545     0.314    0.3288    0.1695   0.05198   0.02699  0.003162
   282/299     3.57G   0.02009   0.01325 0.0006878   0.03403        34       640    0.7756    0.3519    0.3261    0.1625   0.05169   0.02708  0.003375
   283/299     3.57G     0.019   0.01234 0.0008145   0.03215        28       640    0.7761    0.3518    0.3192    0.1639   0.05123   0.02745  0.003441
   284/299     3.57G   0.02058   0.01236 0.0006108   0.03355        31       640    0.7745    0.3517    0.3325    0.1692   0.05243   0.02726  0.003442
   285/299     3.57G   0.02011   0.01289 0.0007361   0.03374        39       640    0.7786    0.3508    0.3304    0.1685   0.05213   0.02754  0.003345
   286/299     3.57G   0.02142   0.01287 0.0008156   0.03511        24       640    0.7526    0.3611    0.3247    0.1586    0.0531   0.02705  0.003391
   287/299     3.57G    0.0194   0.01188 0.0006612   0.03193        31       640    0.7229    0.3425    0.3201     0.157    0.0538   0.02683  0.003631
   288/299     3.57G   0.01865   0.01153 0.0006795   0.03086        26       640    0.7428    0.3517    0.3153    0.1619   0.05283   0.02734  0.003553
   289/299     3.57G   0.01919   0.01229  0.000704   0.03219        29       640    0.7478    0.3307    0.3049    0.1656    0.0521    0.0274  0.003526
   290/299     3.57G   0.01812   0.01129 0.0005523   0.02997        21       640    0.7519    0.3241    0.2961    0.1528   0.05131   0.02725  0.003416
   291/299     3.57G    0.0196   0.01206  0.000578   0.03223        35       640    0.7594     0.324    0.3064    0.1541   0.05121   0.02675  0.003366
   292/299     3.57G   0.01887   0.01188 0.0008092   0.03156        30       640    0.7369    0.3518    0.3318    0.1697   0.05248   0.02599  0.003284
   293/299     3.57G   0.01898   0.01177 0.0007401   0.03148        34       640    0.7507    0.3332    0.3206    0.1555   0.05208   0.02683  0.003344
   294/299     3.57G   0.02151   0.01379 0.0008373   0.03613        41       640    0.8636    0.3071     0.342    0.1601   0.05213     0.027  0.003314
   295/299     3.57G   0.02025   0.01339 0.0007247   0.03437        40       640    0.8613    0.3148    0.3452    0.1677   0.05195     0.027  0.003249
   296/299     3.57G   0.01996   0.01247 0.0006323   0.03306        37       640    0.7841    0.3426    0.3382    0.1699   0.05184   0.02717  0.003283
   297/299     3.57G   0.01963   0.01243 0.0005492   0.03261        54       640    0.7912    0.3333    0.3344    0.1677   0.05229   0.02678  0.003136
   298/299     3.57G   0.01971   0.01135  0.000963   0.03202        32       640    0.8385    0.3233    0.3366    0.1718   0.05201   0.02688  0.003205
   299/299     3.57G   0.01896    0.0114 0.0005414   0.03089        36       640    0.8282    0.3148    0.3324    0.1666   0.05141   0.02715  0.003287
