     0/299     3.35G    0.1218    0.0343         0    0.1561        60       640  0.001122       0.2 0.0002371 5.011e-05    0.1253   0.02207         0
     1/299     3.35G    0.1198   0.03581         0    0.1556        50       640  0.002192   0.06667 0.0003194 4.058e-05    0.1228    0.0216         0
     2/299     3.35G    0.1214   0.03602         0    0.1574        46       640  0.001822   0.06667 0.0004594  6.17e-05    0.1193   0.02123         0
     3/299     3.35G    0.1141   0.03518         0    0.1493        52       640  0.002242   0.06667 0.0006762 9.467e-05    0.1155   0.02094         0
     4/299     3.35G    0.1112   0.03228         0    0.1435        37       640   0.01145   0.06667  0.002138 0.0002966    0.1107   0.02065         0
     5/299     3.35G    0.1028   0.03562         0    0.1385        33       640  0.009942   0.06667  0.004444 0.0006945    0.1048   0.02054         0
     6/299     3.35G    0.1012    0.0354         0    0.1366        47       640   0.01701       0.2  0.007852  0.001664   0.09583   0.02037         0
     7/299     3.35G    0.0941   0.04208         0    0.1362        52       640   0.02933   0.06667   0.01016   0.00244   0.08359    0.0202         0
     8/299     3.35G   0.08757   0.03567         0    0.1232        26       640   0.04447   0.06667   0.01431  0.004248   0.07782   0.02012         0
     9/299     3.35G   0.08754   0.03675         0    0.1243        43       640    0.1797    0.1333   0.06161   0.01476   0.07199   0.01988         0
    10/299     3.35G   0.08831   0.03577         0    0.1241        36       640    0.7076       0.2    0.2535   0.07443   0.06715   0.01959         0
    11/299     3.35G   0.07962   0.03763         0    0.1173        29       640    0.4471    0.3333     0.307     0.067   0.06523   0.01903         0
    12/299     3.35G   0.07853   0.04203         0    0.1206        35       640     0.986       0.2    0.2643   0.06694   0.07456   0.01898         0
    13/299     3.35G    0.0794   0.03862         0     0.118        39       640     0.971       0.2    0.2927   0.07317   0.06793   0.01898         0
    14/299     3.35G   0.07641   0.04514         0    0.1216        59       640    0.4333    0.2667    0.2749    0.1141   0.06603   0.01881         0
    15/299     3.35G    0.0687     0.042         0    0.1107        31       640    0.4704    0.3333    0.3368    0.1185   0.06438   0.01863         0
    16/299     3.35G   0.07667   0.04597         0    0.1226        32       640    0.4883       0.4    0.3947    0.1531    0.0562   0.01892         0
    17/299     3.35G   0.07382   0.04456         0    0.1184        52       640    0.5689       0.4    0.3998     0.175   0.05395    0.0188         0
    18/299     3.35G   0.07302   0.03977         0    0.1128        40       640     0.623    0.4667    0.4474    0.2009   0.05495    0.0186         0
    19/299     3.35G   0.06916   0.04479         0    0.1139        48       640    0.4117    0.4667    0.3807    0.1777   0.05317   0.01859         0
    20/299     3.35G   0.06476   0.03859         0    0.1034        38       640    0.4963    0.4667    0.4139    0.1792   0.05574   0.01825         0
    21/299     3.35G    0.0649   0.03551         0    0.1004        28       640    0.3723       0.6    0.4306     0.261   0.05534    0.0177         0
    22/299     3.35G   0.06428   0.04062         0    0.1049        34       640    0.4939    0.5333     0.438    0.2518    0.0548   0.01698         0
    23/299     3.35G    0.0613   0.03973         0     0.101        38       640    0.5934       0.6    0.5095    0.2752   0.05602   0.01683         0
    24/299     3.35G   0.05766   0.03756         0   0.09522        42       640    0.5306    0.5333    0.4944     0.284   0.05398   0.01719         0
    25/299     3.35G   0.06104   0.03748         0   0.09852        48       640    0.8312    0.3333    0.4359    0.2892    0.0487    0.0178         0
    26/299     3.35G   0.06069   0.04291         0    0.1036        40       640    0.5454       0.4    0.3512    0.2088   0.04885   0.01788         0
    27/299     3.35G   0.05934   0.03981         0   0.09914        40       640    0.3615    0.5333    0.3904      0.21   0.04756     0.018         0
    28/299     3.35G   0.05918   0.04122         0    0.1004        40       640    0.8547       0.4    0.4936    0.2171   0.05033    0.0175         0
    29/299     3.35G     0.057   0.03499         0   0.09199        37       640    0.7777    0.4666    0.5704    0.2827   0.04559   0.01669         0
    30/299     3.35G   0.05404    0.0343         0   0.08834        52       640    0.5382    0.4663    0.4322    0.2632   0.05056   0.01635         0
    31/299     3.35G   0.05454   0.03769         0   0.09223        45       640    0.5371    0.4667     0.448    0.3077   0.04906   0.01692         0
    32/299     3.35G   0.05358   0.03717         0   0.09074        53       640    0.4661    0.4657    0.4434    0.2711   0.05088   0.01678         0
    33/299     3.35G   0.05422   0.03518         0    0.0894        27       640    0.4204    0.5333    0.4578    0.2351   0.05402   0.01671         0
    34/299     3.35G   0.05311   0.03425         0   0.08736        38       640    0.4991    0.4667    0.4463    0.2559   0.05889   0.01635         0
    35/299     3.35G   0.05456   0.03758         0   0.09213        40       640    0.4279    0.5984    0.4406    0.2057   0.06306   0.01653         0
    36/299     3.35G   0.05184   0.03522         0   0.08706        41       640    0.5992    0.5981    0.5332    0.2598   0.05838   0.01511         0
    37/299     3.35G   0.05312   0.03504         0   0.08816        42       640    0.6638       0.4    0.4438    0.2399   0.05265   0.01477         0
    38/299     3.35G   0.05408   0.03259         0   0.08667        28       640    0.5706    0.5333    0.5558    0.2974   0.05305   0.01389         0
    39/299     3.35G    0.0531   0.03642         0   0.08952        42       640    0.9981    0.3333    0.5437     0.234   0.05736    0.0142         0
    40/299     3.35G   0.05409   0.02957         0   0.08366        40       640    0.4989    0.5333    0.5122     0.265   0.05423   0.01425         0
    41/299     3.35G   0.05219   0.03535         0   0.08754        32       640    0.3663    0.7333    0.5265    0.2972   0.05282   0.01431         0
    42/299     3.35G   0.04908   0.03241         0    0.0815        35       640    0.7471       0.4    0.4681    0.1923   0.06388   0.01393         0
    43/299     3.35G   0.05131   0.03748         0   0.08879        43       640    0.6601       0.4    0.5607     0.325   0.06009   0.01391         0
    44/299     3.35G   0.04597   0.03546         0   0.08143        62       640    0.8331    0.3329    0.4662    0.2389    0.0536   0.01414         0
    45/299     3.35G   0.04532   0.03903         0   0.08435        44       640    0.3119    0.6667    0.3773    0.2424   0.05842   0.01414         0
    46/299     3.35G   0.04598   0.03607         0   0.08204        61       640     0.665    0.2667    0.3576    0.2453   0.06101   0.01369         0
    47/299     3.35G   0.04955   0.03061         0   0.08015        42       640    0.3474    0.5323      0.45    0.2446   0.05741   0.01335         0
    48/299     3.35G   0.05076   0.03053         0   0.08129        47       640    0.7143    0.3333    0.4467    0.2803   0.05772   0.01325         0
    49/299     3.35G   0.04536   0.02963         0   0.07499        34       640    0.8309    0.3333    0.4529    0.2082   0.06203   0.01315         0
    50/299     3.35G   0.04892   0.03314         0   0.08207        41       640       0.8    0.2667     0.423    0.2229   0.05824   0.01342         0
    51/299     3.35G   0.04678   0.02966         0   0.07644        40       640    0.7137    0.3325    0.3659    0.1867   0.05737   0.01319         0
    52/299     3.35G   0.04827     0.028         0   0.07627        43       640    0.4903       0.6    0.4475    0.2669   0.05231   0.01296         0
    53/299     3.35G   0.04845   0.03535         0    0.0838        53       640    0.5707    0.5319    0.4307    0.2546   0.05562   0.01283         0
    54/299     3.35G   0.04485   0.03234         0   0.07719        52       640     0.499    0.4667    0.3564    0.2249   0.04944   0.01432         0
    55/299     3.35G   0.04693   0.03378         0   0.08071        55       640    0.4986    0.2667    0.2738    0.1526   0.05081   0.01481         0
    56/299     3.35G    0.0468    0.0276         0    0.0744        41       640    0.4705    0.5333    0.3946    0.2088    0.0514   0.01472         0
    57/299     3.35G   0.04704   0.02905         0   0.07609        41       640    0.4541    0.6667    0.4553    0.2651   0.05375   0.01368         0
    58/299     3.35G   0.04588   0.02923         0   0.07511        38       640     0.346       0.6    0.3962    0.2553   0.04563    0.0138         0
    59/299     3.35G   0.04479   0.02874         0   0.07353        28       640    0.3567    0.6667    0.3774    0.2107   0.04148   0.01447         0
    60/299     3.35G   0.04481   0.02943         0   0.07425        49       640    0.4284       0.6    0.4651    0.2827   0.04747   0.01327         0
    61/299     3.35G   0.04503    0.0326         0   0.07763        56       640    0.4995       0.6    0.4806    0.2714   0.04811   0.01344         0
    62/299     3.35G   0.04835   0.03459         0   0.08293        61       640    0.5283       0.6    0.4842    0.2877   0.05003   0.01304         0
    63/299     3.35G   0.04351   0.03144         0   0.07494        55       640    0.7137    0.3333    0.4154    0.2352   0.04404   0.01385         0
    64/299     3.35G   0.04509   0.02647         0   0.07157        25       640    0.6418       0.6    0.5838    0.3563   0.04857   0.01168         0
    65/299     3.35G   0.04562   0.02929         0   0.07491        54       640    0.5622       0.6    0.5793     0.394    0.0468   0.01153         0
    66/299     3.35G   0.04228   0.02889         0   0.07117        53       640    0.6636       0.4    0.4876    0.2397   0.05178   0.01228         0
    67/299     3.35G   0.04197   0.02832         0   0.07029        35       640    0.4993       0.6    0.4881     0.269   0.04927   0.01324         0
    68/299     3.35G   0.04314   0.02767         0   0.07082        46       640    0.5999    0.5997    0.5325    0.3146   0.04413   0.01335         0
    69/299     3.35G   0.04421    0.0275         0   0.07172        43       640    0.4342    0.6667    0.4945    0.3449   0.05076   0.01317         0
    70/299     3.35G   0.04237   0.03209         0   0.07446        46       640    0.4073    0.7333    0.5115    0.3292   0.04549   0.01479         0
    71/299     3.35G   0.03909   0.02862         0   0.06771        40       640    0.3665    0.7329    0.4777    0.2299   0.05077   0.01451         0
    72/299     3.35G   0.04399   0.02893         0   0.07292        47       640    0.5308    0.5333    0.5489    0.3923   0.04173   0.01263         0
    73/299     3.35G   0.03862   0.02456         0   0.06318        33       640         1    0.3993    0.5812    0.3887   0.05369   0.01259         0
    74/299     3.35G   0.04114   0.02601         0   0.06715        40       640    0.4782    0.7333    0.6027    0.3583   0.03655    0.0133         0
    75/299     3.35G   0.04351   0.03079         0    0.0743        44       640    0.4066    0.7333    0.4657    0.2673   0.04599   0.01493         0
    76/299     3.35G   0.03667    0.0247         0   0.06137        30       640    0.4282    0.5991    0.3936    0.1561   0.04205   0.01373         0
    77/299     3.35G   0.04143   0.02714         0   0.06857        44       640    0.5517    0.3333      0.39     0.154   0.04372   0.01424         0
    78/299     3.35G   0.04254   0.02423         0   0.06677        47       640    0.6243    0.6667    0.5283    0.3143    0.0505   0.01277         0
    79/299     3.35G   0.03927   0.02672         0   0.06599        42       640     0.533    0.5333    0.4519    0.2775   0.04414   0.01326         0
    80/299     3.35G    0.0424   0.02716         0   0.06956        48       640    0.3333    0.7333    0.3284    0.1355   0.05881   0.01649         0
    81/299     3.35G   0.03762   0.02507         0   0.06268        41       640    0.3299    0.3333    0.2501     0.102    0.0555   0.01602         0
    82/299     3.35G   0.04056   0.02682         0   0.06738        40       640    0.4488       0.6    0.4183    0.2296   0.05937   0.01322         0
    83/299     3.35G   0.03929   0.02866         0   0.06795        41       640    0.3694    0.6667    0.4632    0.2822    0.0531   0.01371         0
    84/299     3.35G   0.03732   0.02914         0   0.06646        53       640    0.4209    0.5329    0.3973    0.1886   0.04998   0.01557         0
    85/299     3.35G    0.0402   0.02231         0   0.06251        30       640    0.4733    0.5991    0.4597    0.2133   0.04354   0.01415         0
    86/299     3.35G   0.03788   0.02419         0   0.06207        45       640    0.5712    0.5333    0.5498    0.2356   0.05419   0.01349         0
    87/299     3.35G   0.04202   0.02695         0   0.06897        41       640    0.5449       0.4    0.4822    0.2514   0.04222   0.01336         0
    88/299     3.35G   0.04055   0.02415         0    0.0647        40       640    0.5261    0.6667    0.5631    0.3158   0.03884   0.01278         0
    89/299     3.35G   0.03864   0.02614         0   0.06477        34       640    0.7687    0.6667    0.6633    0.3274   0.03992   0.01243         0
    90/299     3.35G   0.03884   0.02755         0   0.06639        34       640    0.5861    0.6667    0.5471    0.3009   0.03901    0.0124         0
    91/299     3.35G   0.03658   0.02346         0   0.06005        32       640     0.647    0.7333    0.6402    0.3186   0.04088    0.0122         0
    92/299     3.35G    0.0408   0.02504         0   0.06585        32       640    0.4492    0.5981    0.5173    0.3447   0.03754   0.01392         0
    93/299     3.35G   0.03865   0.02352         0   0.06217        43       640    0.4705    0.5333    0.4809    0.3357   0.04049   0.01262         0
    94/299     3.35G   0.03724   0.02655         0   0.06379        49       640    0.4088       0.6    0.4489    0.2957   0.03778   0.01361         0
    95/299     3.35G   0.03947   0.02506         0   0.06453        47       640    0.4339    0.6667     0.471    0.3035   0.04083   0.01372         0
    96/299     3.35G   0.03714   0.02399         0   0.06113        29       640    0.4526    0.6667    0.4262      0.23   0.04447   0.01421         0
    97/299     3.35G   0.03784   0.02406         0    0.0619        42       640     0.473       0.6    0.4141    0.1697   0.04598   0.01376         0
    98/299     3.35G   0.03878   0.02072         0   0.05949        41       640    0.7685    0.6667    0.6052    0.3553   0.05463   0.01245         0
    99/299     3.35G   0.03347   0.02023         0    0.0537        33       640    0.6661    0.5333     0.513    0.2752   0.04889   0.01313         0
   100/299     3.35G   0.03235   0.02702         0   0.05938        63       640    0.5292       0.6     0.466    0.2217   0.05908    0.0145         0
   101/299     3.35G    0.0462   0.02447         0   0.07067        60       640    0.3738       0.6      0.45    0.2012   0.04776   0.01291         0
   102/299     3.35G   0.05357   0.02598         0   0.07955        51       640       0.4    0.5333    0.3752    0.2149   0.04263   0.01212         0
   103/299     3.35G   0.04014   0.02535         0   0.06549        44       640    0.5283       0.6    0.4171    0.2558    0.0485   0.01233         0
   104/299     3.35G   0.03863   0.02265         0   0.06127        49       640    0.4735       0.6    0.4413    0.2466   0.04978   0.01357         0
   105/299     3.35G   0.04447   0.02255         0   0.06703        31       640    0.5998    0.5996    0.4505    0.2294   0.04411   0.01464         0
   106/299     3.35G   0.03641   0.02405         0   0.06046        42       640    0.4968    0.6667    0.4734    0.2445   0.04968   0.01353         0
   107/299     3.35G    0.0366   0.02314         0   0.05974        56       640    0.5263    0.6665    0.4712    0.2614   0.05161   0.01336         0
   108/299     3.35G    0.0373   0.01957         0   0.05688        29       640    0.4545    0.6667    0.4956    0.3109   0.05121    0.0124         0
   109/299     3.35G   0.03369   0.02262         0   0.05632        50       640    0.4761    0.6667    0.4804    0.3234   0.04892   0.01271         0
   110/299     3.35G   0.04029   0.02238         0   0.06267        47       640      0.44    0.7333    0.4933     0.276   0.04494   0.01333         0
   111/299     3.35G    0.0419   0.02315         0   0.06505        39       640    0.3517       0.4    0.3508    0.1829   0.04936   0.01363         0
   112/299     3.35G   0.04013    0.0236         0   0.06373        30       640    0.8258    0.3333    0.4428    0.2588   0.04755   0.01389         0
   113/299     3.35G   0.03769   0.02199         0   0.05968        42       640    0.4283       0.6    0.4885    0.3315   0.04032   0.01401         0
   114/299     3.35G    0.0388   0.02396         0   0.06276        46       640    0.8463       0.4    0.5026    0.3342   0.03699   0.01331         0
   115/299     3.35G   0.03387   0.02094         0   0.05481        39       640    0.4231    0.7333    0.5482    0.3695   0.03575   0.01268         0
   116/299     3.35G   0.03445   0.02333         0   0.05777        70       640    0.5788    0.7333     0.604    0.3125   0.04181   0.01214         0
   117/299     3.35G   0.03453   0.02345         0   0.05798        34       640    0.5994       0.8    0.6002    0.3539   0.03434   0.01271         0
   118/299     3.35G   0.03572   0.02632         0   0.06204        58       640    0.6657       0.8    0.6562     0.352   0.03968   0.01301         0
   119/299     3.35G    0.0369   0.02153         0   0.05843        49       640    0.4997    0.7992    0.5721    0.2999   0.04286   0.01259         0
   120/299     3.35G   0.04238   0.02308         0   0.06546        35       640     0.647    0.7331    0.6239    0.2887    0.0412   0.01239         0
   121/299     3.35G   0.03332   0.02264         0   0.05596        51       640     0.749       0.4    0.4964    0.3007   0.04497   0.01367         0
   122/299     3.35G   0.03523   0.02525         0   0.06047        51       640     0.615    0.5326    0.5508    0.3694   0.03918   0.01367         0
   123/299     3.35G   0.03574   0.02486         0   0.06061        40       640    0.5552    0.6667     0.557    0.2453    0.0468   0.01319         0
   124/299     3.35G   0.03651   0.02607         0   0.06259        44       640     0.533    0.5326    0.4881    0.2736   0.04354   0.01432         0
   125/299     3.35G    0.0361   0.02086         0   0.05696        41       640    0.4666    0.4667    0.4301    0.3335   0.04056   0.01459         0
   126/299     3.35G   0.03338   0.02065         0   0.05403        37       640     0.569    0.7925    0.5474     0.271   0.04372   0.01384         0
   127/299     3.35G   0.03055   0.02194         0   0.05249        40       640    0.6108    0.7333    0.4895    0.2621   0.03834   0.01446         0
   128/299     3.35G   0.03617   0.02377         0   0.05994        47       640    0.4164    0.6658    0.4525    0.2674   0.04696   0.01386         0
   129/299     3.35G     0.037   0.02022         0   0.05722        41       640    0.5878    0.6667    0.5726    0.3059   0.03918   0.01315         0
   130/299     3.35G   0.03875   0.02416         0   0.06292        37       640    0.6249    0.6667    0.5534    0.2888   0.04398   0.01329         0
   131/299     3.35G   0.03431   0.01991         0   0.05422        32       640    0.6249    0.6667    0.5338    0.3087   0.04314   0.01298         0
   132/299     3.35G   0.03442   0.01977         0   0.05419        39       640    0.5991       0.6    0.5115    0.3089   0.04469   0.01373         0
   133/299     3.35G   0.03123    0.0231         0   0.05434        27       640    0.6667    0.5333    0.5428    0.3245   0.04093   0.01409         0
   134/299     3.35G   0.03565   0.02215         0   0.05779        41       640    0.5384    0.4667    0.4459    0.2485   0.04603   0.01432         0
   135/299     3.35G   0.03141   0.02191         0   0.05332        37       640    0.5294       0.6    0.4935    0.2919   0.04649   0.01436         0
   136/299     3.35G   0.03083   0.02095         0   0.05178        45       640    0.6153    0.5333    0.5546     0.297   0.05028   0.01384         0
   137/299     3.35G   0.03462   0.02059         0   0.05521        42       640    0.5236    0.7333    0.5783    0.3663   0.04192   0.01339         0
   138/299     3.35G   0.03772   0.02268         0    0.0604        35       640     0.533    0.5333    0.5334    0.2484   0.05781   0.01373         0
   139/299     3.35G   0.03299   0.02143         0   0.05442        44       640    0.6245    0.6667     0.569    0.3657   0.04719   0.01345         0
   140/299     3.35G   0.03275   0.02175         0    0.0545        50       640    0.5999       0.6    0.5727    0.3228   0.04657   0.01374         0
   141/299     3.35G   0.02968   0.02114         0   0.05082        52       640    0.5553    0.6667    0.5275    0.3026    0.0424   0.01444         0
   142/299     3.35G   0.03186   0.02398         0   0.05584        45       640     0.409       0.6    0.4721    0.3178   0.04323     0.015         0
   143/299     3.35G    0.0314   0.01861         0   0.05001        34       640    0.4737       0.6    0.5197    0.3392   0.04033   0.01494         0
   144/299     3.35G   0.03276   0.01985         0   0.05261        41       640    0.4699    0.5333    0.4572    0.2398   0.04052   0.01527         0
   145/299     3.35G   0.02864   0.02215         0   0.05079        37       640    0.4985    0.5333    0.4424     0.307   0.04617   0.01498         0
   146/299     3.35G   0.03212    0.0198         0   0.05192        39       640    0.6666    0.3999    0.4416    0.3095   0.04871   0.01498         0
   147/299     3.35G   0.03268   0.01934         0   0.05202        37       640         1    0.3316    0.4971    0.3164   0.03938   0.01484         0
   148/299     3.35G   0.03474   0.02032         0   0.05505        24       640    0.4541    0.6655    0.5046    0.3436   0.03962   0.01433         0
   149/299     3.35G    0.0286   0.01847         0   0.04707        39       640    0.4999    0.5999    0.5248    0.3406   0.03163    0.0141         0
   150/299     3.35G   0.03409   0.01754         0   0.05163        36       640    0.4761    0.6664    0.4992    0.3353    0.0346   0.01345         0
   151/299     3.35G   0.02977    0.0206         0   0.05036        39       640    0.3997    0.6667    0.4331    0.2796     0.036   0.01399         0
   152/299     3.35G   0.03162    0.0205         0   0.05212        48       640    0.4347    0.6667    0.4693    0.2596   0.03953   0.01336         0
   153/299     3.35G   0.03159   0.01891         0    0.0505        29       640     0.571    0.5333    0.4853    0.3519   0.03112   0.01377         0
   154/299     3.35G   0.02712   0.01869         0   0.04581        48       640    0.5713    0.5333     0.514    0.3691   0.03057   0.01395         0
   155/299     3.35G   0.03257   0.01858         0   0.05115        29       640    0.6153    0.5331    0.5467    0.3869   0.03662   0.01352         0
   156/299     3.35G   0.02961   0.02253         0   0.05214        49       640    0.4347    0.6667    0.4771    0.2953   0.03313   0.01515         0
   157/299     3.35G   0.03148   0.01983         0   0.05131        36       640    0.4761    0.6667    0.4283    0.2689   0.03592   0.01542         0
   158/299     3.35G   0.03109   0.02255         0   0.05363        47       640    0.3997    0.6667    0.3939    0.2239   0.04682   0.01533         0
   159/299     3.35G   0.03225   0.02033         0   0.05258        58       640    0.3845    0.6664    0.4089    0.2688   0.03282   0.01636         0
   160/299     3.35G   0.02892   0.02037         0   0.04929        43       640    0.4227    0.7322    0.5227    0.3307   0.03211   0.01564         0
   161/299     3.35G   0.02692   0.02365         0   0.05057        53       640    0.7133     0.332    0.4389    0.2582   0.03592   0.01589         0
   162/299     3.35G   0.02984   0.02369         0   0.05353        42       640    0.3845    0.7916    0.5108    0.3112   0.03333   0.01628         0
   163/299     3.35G    0.0309   0.02244         0   0.05334        46       640     0.359       0.6    0.4453    0.2994   0.03805    0.0144         0
   164/299     3.35G   0.03086   0.02103         0   0.05189        56       640    0.5997    0.5992    0.5811     0.373   0.03037   0.01344         0
   165/299     3.35G   0.03135   0.01922         0   0.05056        49       640    0.5223    0.6565     0.551    0.3814   0.03645   0.01312         0
   166/299     3.35G   0.02941    0.0177         0   0.04711        32       640    0.5624    0.5998    0.5525    0.3674   0.03455   0.01346         0
   167/299     3.35G    0.0279   0.02077         0   0.04867        52       640    0.5622       0.6    0.5116    0.3421   0.03634   0.01396         0
   168/299     3.35G     0.025   0.01821         0   0.04321        34       640    0.4999    0.5997    0.4965    0.3516   0.03284   0.01507         0
   169/299     3.35G   0.03176   0.01932         0   0.05108        43       640    0.4285       0.6    0.4413    0.2535   0.04007   0.01454         0
   170/299     3.35G   0.03647   0.02081         0   0.05728        43       640    0.4346    0.6662     0.397    0.2479   0.03358   0.01441         0
   171/299     3.35G   0.03033   0.01734         0   0.04767        31       640    0.3444    0.6667    0.3535    0.2057    0.0326   0.01495         0
   172/299     3.35G   0.02883    0.0193         0   0.04814        45       640    0.3327    0.6667    0.3702    0.2243   0.04507   0.01502         0
   173/299     3.35G   0.03473   0.01804         0   0.05277        35       640    0.3635     0.533    0.4011    0.2448   0.03747   0.01495         0
   174/299     3.35G   0.03287   0.02013         0     0.053        48       640    0.3428    0.7303    0.4582    0.2969   0.03723   0.01455         0
   175/299     3.35G   0.02811   0.01877         0   0.04688        30       640    0.3911       0.6    0.4351    0.3054   0.04008   0.01456         0
   176/299     3.35G    0.0281   0.02337         0   0.05147        45       640    0.3141    0.7333    0.4253    0.2741    0.0348   0.01622         0
   177/299     3.35G   0.03035    0.0219         0   0.05224        43       640    0.2725     0.799    0.3911    0.2349   0.04666   0.01629         0
   178/299     3.35G    0.0339   0.01852         0   0.05242        44       640    0.3077       0.8    0.4539    0.2857   0.03895   0.01529         0
   179/299     3.35G   0.02573   0.01916         0   0.04489        31       640    0.4345    0.6659    0.4815    0.3088   0.04033    0.0142         0
   180/299     3.35G   0.02642   0.01913         0   0.04556        49       640    0.4081       0.6    0.4602    0.2953   0.04305   0.01409         0
   181/299     3.35G   0.03395   0.02277         0   0.05672        45       640    0.9874    0.3333    0.4976    0.3086   0.04204   0.01524         0
   182/299     3.35G   0.03388   0.02131         0   0.05519        55       640    0.7122    0.3333    0.4501    0.2935   0.04328   0.01546         0
   183/299     3.35G   0.02861   0.02264         0   0.05125        60       640    0.7133    0.3333    0.4339    0.3011   0.04174   0.01541         0
   184/299     3.35G   0.02679   0.02041         0    0.0472        45       640         1    0.3331     0.509    0.3491   0.03749   0.01467         0
   185/299     3.35G    0.0317   0.01726         0   0.04897        45       640    0.5383    0.4667    0.5255     0.353   0.03895   0.01443         0
   186/299     3.35G   0.03008   0.02237         0   0.05245        52       640     0.499    0.6667    0.5613    0.4001   0.03657     0.014         0
   187/299     3.35G    0.0245    0.0192         0    0.0437        34       640    0.5253    0.6667    0.5696    0.4036   0.03589   0.01384         0
   188/299     3.35G   0.02699   0.01845         0   0.04544        43       640    0.5494    0.7333    0.5743    0.3887   0.03851   0.01368         0
   189/299     3.35G   0.02904   0.02033         0   0.04937        42       640    0.5623       0.6    0.5256    0.3422   0.03607   0.01411         0
   190/299     3.35G   0.03355   0.01902         0   0.05257        53       640    0.5998    0.5995    0.5067    0.2827   0.03405   0.01489         0
   191/299     3.35G   0.02874   0.02135         0    0.0501        40       640    0.5294       0.6    0.4972    0.2886   0.03274   0.01538         0
   192/299     3.35G   0.02571   0.01994         0   0.04565        62       640    0.4998    0.4667     0.361    0.2377   0.03409   0.01579         0
   193/299     3.35G    0.0267   0.01598         0   0.04268        32       640    0.4499       0.6    0.3857    0.2144   0.03819   0.01483         0
   194/299     3.35G    0.0306   0.01976         0   0.05036        53       640    0.4996    0.5333    0.4011    0.2477   0.03636   0.01466         0
   195/299     3.35G   0.02575   0.01679         0   0.04254        36       640      0.45       0.6    0.3976    0.2504   0.04046   0.01449         0
   196/299     3.35G   0.02472    0.0207         0   0.04542        42       640    0.4161    0.6653    0.4596    0.2856    0.0371   0.01485         0
   197/299     3.35G   0.03263   0.02048         0    0.0531        53       640    0.4442    0.5333    0.4647    0.2229    0.0566   0.01501         0
   198/299     3.35G    0.0332   0.02041         0   0.05361        55       640    0.4443    0.5333    0.4613    0.2886   0.04876   0.01488         0
   199/299     3.35G   0.03043   0.02094         0   0.05137        51       640    0.4083     0.598    0.4811    0.3135   0.04622   0.01516         0
   200/299     3.35G   0.02874   0.01872         0   0.04746        39       640    0.4735    0.5996    0.4887    0.3256   0.04006   0.01483         0
   201/299     3.35G   0.03053   0.01903         0   0.04955        58       640       0.5    0.6666     0.509    0.3468   0.03232   0.01362         0
   202/299     3.35G   0.03325   0.01982         0   0.05307        61       640       0.5    0.5999    0.4766    0.3196   0.03307   0.01439         0
   203/299     3.35G   0.02628   0.02003         0   0.04632        33       640    0.4735    0.5995    0.4454    0.2794   0.03473   0.01456         0
   204/299     3.35G    0.0251   0.01789         0   0.04299        29       640    0.5236    0.7333    0.5811    0.3607   0.03436   0.01419         0
   205/299     3.35G   0.03159    0.0234         0     0.055        46       640    0.4582    0.7333    0.5303    0.2867   0.04197   0.01487         0
   206/299     3.35G    0.0298   0.01785         0   0.04765        40       640      0.44    0.7332    0.5264    0.3275   0.03768   0.01459         0
   207/299     3.35G   0.02833   0.01998         0   0.04831        46       640       0.5    0.5999    0.5373    0.3266   0.03743   0.01434         0
   208/299     3.35G   0.02663   0.01837         0     0.045        37       640    0.4439       0.8    0.5675    0.3689   0.03942   0.01417         0
   209/299     3.35G   0.02674   0.01995         0   0.04669        48       640    0.4807    0.8667    0.5934    0.3881   0.03604   0.01436         0
   210/299     3.35G   0.02977   0.02033         0    0.0501        39       640    0.4439       0.8    0.5276    0.3345   0.03883   0.01443         0
   211/299     3.35G   0.02492    0.0194         0   0.04432        54       640    0.4811    0.8667     0.579    0.3553   0.04037   0.01409         0
   212/299     3.35G   0.02354      0.02         0   0.04354        51       640    0.5454    0.7998    0.5932    0.3346   0.03758    0.0139         0
   213/299     3.35G   0.02852   0.01785         0   0.04636        54       640    0.6109    0.7333    0.6277    0.4012   0.03592   0.01338         0
   214/299     3.35G   0.02469   0.01958         0   0.04427        46       640    0.6666       0.8    0.6569    0.4033   0.03973   0.01263         0
   215/299     3.35G   0.02256   0.02027         0   0.04284        67       640     0.733    0.7333    0.6671    0.4226   0.03739   0.01282         0
   216/299     3.35G   0.02418   0.01758         0   0.04177        36       640    0.6873    0.7327    0.6571    0.4167    0.0373    0.0122         0
   217/299     3.35G   0.02686   0.01915         0   0.04601        46       640    0.7143    0.6666    0.6119     0.458   0.03418   0.01215         0
   218/299     3.35G    0.0269   0.02022         0   0.04712        46       640    0.7141    0.6667    0.6576    0.4448   0.03396   0.01228         0
   219/299     3.35G   0.02209   0.01888         0   0.04097        44       640    0.7691    0.6663    0.6711    0.4269   0.03538   0.01247         0
   220/299     3.35G   0.02458    0.0203         0   0.04488        46       640    0.6249    0.6667    0.5653    0.4249   0.03324   0.01351         0
   221/299     3.35G    0.0258   0.01852         0   0.04432        52       640    0.6248    0.6667    0.5453    0.3643   0.03532   0.01426         0
   222/299     3.35G   0.02565   0.01714         0    0.0428        49       640    0.5881    0.6667    0.4996    0.3652   0.03364   0.01409         0
   223/299     3.35G   0.02412   0.01818         0    0.0423        45       640    0.5881    0.6667    0.4728    0.3443    0.0334   0.01447         0
   224/299     3.35G   0.02309   0.01635         0   0.03944        36       640    0.5881    0.6667     0.515    0.3573   0.03202   0.01481         0
   225/299     3.35G   0.02369   0.01703         0   0.04071        44       640    0.5882    0.6667    0.4928    0.3419   0.03457   0.01464         0
   226/299     3.35G   0.02478   0.01852         0   0.04331        43       640    0.5879    0.6667     0.528    0.3858   0.03098   0.01455         0
   227/299     3.35G   0.02293   0.02094         0   0.04388        76       640    0.5879    0.6659     0.557    0.4209   0.02757   0.01465         0
   228/299     3.35G   0.02305   0.01614         0   0.03919        34       640    0.5999       0.6     0.577    0.4394   0.02779   0.01466         0
   229/299     3.35G   0.02197   0.01796         0   0.03993        41       640    0.6656    0.5333    0.5508     0.418   0.02744   0.01477         0
   230/299     3.35G   0.02571   0.01873         0   0.04443        47       640    0.4733    0.5992    0.5371    0.3983    0.0284   0.01518         0
   231/299     3.35G   0.02247    0.0191         0   0.04157        55       640    0.7498       0.4    0.5428    0.3963   0.02896   0.01541         0
   232/299     3.35G   0.02038   0.01764         0   0.03801        45       640    0.8559       0.4     0.553    0.4129   0.02984   0.01539         0
   233/299     3.35G   0.02128   0.01699         0   0.03827        40       640    0.4998    0.6667    0.5833    0.3895   0.02948   0.01536         0
   234/299     3.35G   0.02691   0.01687         0   0.04378        43       640    0.5235    0.7333    0.6015    0.4302   0.02881   0.01491         0
   235/299     3.35G   0.02291   0.01581         0   0.03873        40       640    0.5999    0.5997    0.5891    0.4043   0.02946   0.01476         0
   236/299     3.35G   0.02028   0.01558         0   0.03585        51       640    0.5878    0.6655    0.5666    0.3859   0.03131   0.01445         0
   237/299     3.35G   0.02163   0.01835         0   0.03998        51       640    0.5882    0.6666    0.5744    0.3699   0.03179   0.01417         0
   238/299     3.35G   0.02268   0.01613         0   0.03881        37       640    0.5882    0.6667    0.5914    0.4115   0.03199     0.014         0
   239/299     3.35G   0.01876   0.01522         0   0.03398        41       640    0.6249    0.6664    0.5813    0.3898   0.03305   0.01427         0
   240/299     3.35G   0.02031   0.01759         0    0.0379        38       640    0.6665    0.6663     0.597    0.4016   0.03256   0.01418         0
   241/299     3.35G   0.02213   0.01726         0    0.0394        50       640     0.692       0.6    0.5644     0.362   0.03338   0.01445         0
   242/299     3.35G   0.02358   0.01774         0   0.04132        40       640    0.6921       0.6    0.5677    0.4055   0.03191   0.01403         0
   243/299     3.35G   0.02129   0.01626         0   0.03756        32       640    0.6421       0.6    0.5517    0.3808   0.03189   0.01384         0
   244/299     3.35G   0.02059   0.01575         0   0.03634        41       640    0.5497    0.7333    0.5485    0.4128   0.03125   0.01337         0
   245/299     3.35G   0.02051   0.01579         0    0.0363        45       640    0.6469    0.7333    0.5673    0.3979   0.03064   0.01351         0
   246/299     3.35G   0.02364   0.01557         0   0.03921        39       640    0.6249    0.6664    0.5612    0.4099   0.03068   0.01369         0
   247/299     3.35G   0.01943   0.01537         0    0.0348        38       640    0.5495    0.7333    0.5737    0.4314   0.03365   0.01381         0
   248/299     3.35G   0.02178   0.01617         0   0.03795        32       640    0.5499    0.7333    0.5608    0.4231   0.03102   0.01426         0
   249/299     3.35G   0.02285   0.01695         0   0.03981        57       640    0.5788     0.733    0.5639    0.3998   0.03356   0.01455         0
   250/299     3.35G   0.02118   0.01632         0    0.0375        47       640    0.6111    0.7333    0.5855    0.4064   0.03143   0.01449         0
   251/299     3.35G   0.02097   0.01585         0   0.03681        36       640    0.6875    0.7333    0.5874    0.3846   0.03252   0.01447         0
   252/299     3.35G   0.01825     0.017         0   0.03525        42       640    0.5788    0.7331    0.5672    0.4196   0.03178   0.01453         0
   253/299     3.35G   0.02164   0.01735         0   0.03899        44       640    0.7692    0.6667    0.6648    0.4404   0.03394   0.01459         0
   254/299     3.35G   0.02278   0.01625         0   0.03903        39       640    0.6842    0.8665    0.7214    0.4418   0.03313   0.01409         0
   255/299     3.35G   0.01929   0.01534         0   0.03463        44       640    0.6316       0.8    0.6351    0.4355     0.034   0.01357         0
   256/299     3.35G   0.01804   0.01647         0   0.03451        32       640     0.647    0.7332    0.6374    0.4285   0.03703   0.01281         0
   257/299     3.35G   0.02116   0.01496         0   0.03611        35       640    0.6109    0.7333    0.6258    0.4394    0.0374   0.01321         0
   258/299     3.35G   0.02295   0.01742         0   0.04037        50       640    0.6666    0.6665    0.6175    0.4595   0.03444     0.013         0
   259/299     3.35G   0.02091   0.01887         0   0.03978        47       640    0.5789    0.7333    0.5966     0.431   0.03644   0.01293         0
   260/299     3.35G    0.0209    0.0162         0    0.0371        40       640    0.6249    0.6667    0.5959    0.4514    0.0363   0.01281         0
   261/299     3.35G   0.02206   0.01782         0   0.03988        51       640    0.6466    0.7333    0.6286    0.4468   0.03752   0.01263         0
   262/299     3.35G    0.0204   0.01541         0    0.0358        40       640    0.6469    0.7333    0.6097    0.4656    0.0363   0.01254         0
   263/299     3.35G   0.01941   0.01595         0   0.03536        64       640     0.647     0.733    0.6152    0.4757    0.0354   0.01247         0
   264/299     3.35G   0.01867   0.01688         0   0.03555        46       640    0.7669    0.6667    0.6733    0.4637   0.03514   0.01261         0
   265/299     3.35G   0.02118   0.01725         0   0.03844        42       640    0.7141    0.6667     0.591     0.437   0.03681   0.01268         0
   266/299     3.35G   0.01993   0.01622         0   0.03615        33       640    0.7142    0.6667    0.5903    0.4438   0.03608   0.01267         0
   267/299     3.35G   0.01631   0.01467         0   0.03098        45       640    0.7141    0.6667    0.5971    0.4365   0.03556   0.01298         0
   268/299     3.35G   0.01782   0.01613         0   0.03395        64       640    0.7142    0.6667    0.6226    0.4456   0.03661   0.01286         0
   269/299     3.35G   0.01892   0.01603         0   0.03495        54       640    0.7692    0.6667    0.6309    0.4112   0.03764   0.01267         0
   270/299     3.35G    0.0201   0.01642         0   0.03652        63       640    0.7691    0.6667    0.6441    0.4497   0.03493   0.01259         0
   271/299     3.35G   0.02048   0.01402         0    0.0345        37       640    0.7685    0.6667    0.6459    0.4385   0.03559   0.01263         0
   272/299     3.35G   0.01972   0.01383         0   0.03356        39       640    0.7143    0.6667    0.5855     0.402   0.03524   0.01281         0
   273/299     3.35G   0.02165   0.01408         0   0.03573        32       640    0.7142    0.6667    0.6032     0.456   0.03475   0.01358         0
   274/299     3.35G    0.0197   0.01668         0   0.03638        41       640     0.714    0.6667    0.6057    0.4526   0.03399   0.01386         0
   275/299     3.35G   0.02213   0.01453         0   0.03665        44       640    0.7143    0.6666    0.6047    0.4514   0.03326   0.01409         0
   276/299     3.35G   0.01983   0.01588         0   0.03571        38       640    0.7333    0.7333    0.6865    0.4572   0.03205   0.01357         0
   277/299     3.35G   0.02004   0.01634         0   0.03638        57       640    0.6874    0.7331    0.6425     0.439   0.03139   0.01383         0
   278/299     3.35G   0.01899   0.01563         0   0.03462        33       640    0.6875    0.7333    0.6691    0.4697   0.02958   0.01388         0
   279/299     3.35G   0.01883   0.01517         0     0.034        40       640    0.6874    0.7333    0.6433    0.4563   0.02943   0.01408         0
   280/299     3.35G   0.01992   0.01655         0   0.03646        56       640    0.7142    0.6665    0.5849    0.4331   0.03357   0.01375         0
   281/299     3.35G    0.0201    0.0145         0    0.0346        52       640    0.7143    0.6666    0.6663    0.4779   0.03324    0.0141         0
   282/299     3.35G   0.01889   0.01395         0   0.03284        34       640    0.6922       0.6    0.6183    0.4797   0.03453   0.01448         0
   283/299     3.35G   0.01649   0.01442         0   0.03091        35       640    0.7497       0.6    0.6542    0.4649   0.03555   0.01419         0
   284/299     3.35G   0.02013   0.01458         0   0.03471        28       640    0.7498       0.6    0.6356    0.4575   0.03773   0.01357         0
   285/299     3.35G   0.01872   0.01332         0   0.03204        37       640    0.7692    0.6666    0.6585    0.4811    0.0391   0.01341         0
   286/299     3.35G   0.01749   0.01465         0   0.03213        51       640    0.7692    0.6667    0.6609    0.4472   0.04218   0.01332         0
   287/299     3.35G   0.01776   0.01412         0   0.03189        41       640     0.769    0.6667    0.6668    0.4631   0.04254   0.01331         0
   288/299     3.35G   0.01711   0.01477         0   0.03187        53       640    0.7691    0.6667    0.6358    0.4534   0.04559    0.0134         0
   289/299     3.35G   0.01838   0.01634         0   0.03472        50       640    0.7855    0.7333    0.6937     0.461   0.04191   0.01357         0
   290/299     3.35G   0.01905   0.01344         0   0.03249        34       640    0.7692    0.6667    0.6275     0.441   0.04267   0.01365         0
   291/299     3.35G   0.01815    0.0126         0   0.03075        30       640    0.7692    0.6667    0.6363    0.4531   0.04185   0.01362         0
   292/299     3.35G   0.01806   0.01375         0   0.03181        38       640    0.7692    0.6665    0.6387    0.4641   0.04244   0.01349         0
   293/299     3.35G   0.01871   0.01286         0   0.03157        35       640     0.769    0.6667    0.6418    0.4528   0.04191    0.0134         0
   294/299     3.35G   0.02028   0.01289         0   0.03317        39       640    0.7692    0.6664    0.6427    0.4662   0.03935    0.0134         0
   295/299     3.35G   0.01805    0.0155         0   0.03355        48       640    0.7688    0.6667    0.6414    0.4684   0.03916   0.01338         0
   296/299     3.35G   0.01755   0.01521         0   0.03275        45       640    0.6664    0.6667    0.6117    0.4585   0.03814   0.01344         0
   297/299     3.35G   0.01731   0.01511         0   0.03242        47       640     0.647    0.7333    0.6128    0.4332    0.0367   0.01368         0
   298/299     3.35G   0.01846   0.01348         0   0.03194        42       640     0.611    0.7333    0.6226    0.4397   0.03781   0.01381         0
   299/299     3.35G   0.01885   0.01514         0     0.034        48       640    0.6111    0.7333     0.626    0.4455    0.0378   0.01391         0
