     0/299     3.34G    0.1222   0.03791   0.02846    0.1886        50       640  0.009778    0.1019  0.006503 0.0008036    0.1164   0.03603   0.02658
     1/299     3.54G     0.117   0.03811   0.02696    0.1821        59       640   0.01513   0.08333  0.009381  0.001162    0.1139   0.03466   0.02412
     2/299     3.54G    0.1115   0.03738   0.02387    0.1727        49       640    0.0208    0.0463   0.00995   0.00137     0.112   0.03412   0.02124
     3/299     3.54G    0.1073    0.0385   0.02167    0.1675        74       640   0.03643   0.06481   0.01675  0.002811    0.1089   0.03425   0.01951
     4/299     3.54G    0.1021   0.03963   0.01918    0.1609        64       640   0.03367    0.1667   0.03179  0.008666    0.1067   0.03397   0.01683
     5/299     3.54G   0.09568   0.03927   0.01658    0.1515        30       640   0.08732    0.1111   0.05491   0.00955    0.1004   0.03651   0.01482
     6/299     3.54G   0.09233   0.04518   0.01435    0.1519        65       640   0.09745    0.1054   0.05893   0.01025   0.09636   0.03699   0.01336
     7/299     3.54G   0.08477   0.04067   0.01225    0.1377        31       640    0.6232   0.07273   0.05356    0.0107   0.09478   0.03734   0.01112
     8/299     3.54G   0.08295   0.04341   0.01076    0.1371        44       640     0.708   0.07407   0.08288   0.01614    0.0897   0.03791  0.008746
     9/299     3.54G   0.07988   0.04449  0.009193    0.1336        73       640    0.6557    0.1111   0.09112   0.01941   0.08428   0.04025  0.007102
    10/299     3.54G   0.07417   0.04399  0.008065    0.1262       105       640    0.7467    0.1296    0.1231   0.02865   0.07862   0.04162  0.005891
    11/299     3.54G   0.07232   0.04233  0.007338     0.122        47       640    0.7183    0.1292    0.1166   0.02163   0.07748   0.04236  0.005265
    12/299     3.54G   0.06773   0.04415  0.005855    0.1177        59       640    0.6955    0.1204   0.09995   0.02208   0.07784   0.04177  0.004921
    13/299     3.54G   0.06837   0.04093  0.005733     0.115        81       640    0.7365    0.1111    0.1113   0.02934   0.07802    0.0404  0.004741
    14/299     3.54G   0.06291   0.04125  0.005364    0.1095        57       640    0.7083    0.1388    0.1174   0.02036   0.07908   0.03939  0.004219
    15/299     3.54G   0.06945   0.03875    0.0052    0.1134        67       640    0.6578    0.1204   0.07974   0.02453   0.08014   0.03794   0.00462
    16/299     3.54G   0.06753   0.04212  0.004282    0.1139        39       640    0.6324    0.1481    0.1077   0.02242   0.07692    0.0394  0.004428
    17/299     3.54G   0.06738   0.03846  0.003882    0.1097        64       640    0.5942     0.101   0.05626    0.0077   0.07918   0.03903  0.004017
    18/299     3.54G   0.07017   0.03823   0.00395    0.1124        47       640    0.6665    0.1574    0.1035   0.02376   0.07502   0.03982  0.004087
    19/299     3.54G     0.066   0.04117  0.004266    0.1114        84       640    0.6711   0.09259   0.09135   0.02338   0.07698   0.03855  0.003811
    20/299     3.54G   0.06442   0.04101  0.003717    0.1091        85       640    0.6508    0.1839    0.1136   0.03616   0.07106   0.03906  0.003731
    21/299     3.54G   0.06702   0.03829   0.00386    0.1092        36       640    0.6301    0.1563   0.08739   0.02386   0.07646   0.03761  0.003814
    22/299     3.54G   0.06585   0.03921  0.003712    0.1088        52       640    0.6819    0.1389    0.1129   0.03285   0.07446   0.03861  0.003743
    23/299     3.54G   0.06364   0.03764  0.003162    0.1044        73       640    0.6172    0.2037   0.09497   0.02256    0.0737   0.03806  0.003584
    24/299     3.54G    0.0622   0.04093  0.003318    0.1064        36       640    0.6799    0.2407    0.1492   0.05412   0.07297   0.03863  0.003641
    25/299     3.54G   0.06488   0.04124  0.003423    0.1095        82       640    0.6543    0.1204    0.1023   0.01966   0.07191   0.03941  0.003465
    26/299     3.54G   0.06167   0.04002  0.003566    0.1053        66       640    0.7195    0.1574    0.1519   0.05078   0.06746   0.04067  0.003336
    27/299     3.54G   0.05953   0.03674  0.002799   0.09907        59       640     0.638    0.2407    0.1116   0.03215   0.07604   0.03777  0.003273
    28/299     3.54G   0.06172   0.03552  0.002993    0.1002        58       640    0.6295    0.2315    0.1363   0.03738    0.0673   0.04095  0.003157
    29/299     3.54G   0.05996   0.03799  0.003764    0.1017        35       640    0.6525    0.1666    0.1122   0.02872    0.0706   0.03882  0.003092
    30/299     3.54G   0.06059   0.03528  0.002619   0.09849        72       640    0.6619    0.2222    0.1487   0.05164   0.06829   0.03799  0.003088
    31/299     3.54G   0.06134   0.03736   0.00301    0.1017        68       640    0.7008    0.1389     0.136   0.04926   0.06917   0.03852   0.00323
    32/299     3.54G   0.05946   0.03905  0.002612    0.1011        62       640    0.1637    0.3159    0.1594   0.06738   0.06575   0.03987  0.002923
    33/299     3.54G   0.05852   0.03562  0.002941   0.09708        53       640    0.2035    0.2315    0.1628    0.0367     0.066   0.03965  0.002912
    34/299     3.54G   0.05535   0.03595  0.002529   0.09383        26       640    0.2016    0.2314    0.2051   0.05059   0.06917   0.03849  0.002783
    35/299     3.54G   0.06093   0.03771  0.002588    0.1012        76       640    0.6635    0.1755     0.134   0.05359   0.07056   0.03776  0.002988
    36/299     3.54G   0.05595   0.03646  0.002309   0.09472        73       640    0.2031    0.3013    0.1368   0.03756   0.07014   0.03761  0.002784
    37/299     3.54G   0.05649   0.03447  0.002741    0.0937        38       640    0.1704    0.2778    0.1875   0.06978     0.063   0.03981  0.002852
    38/299     3.54G   0.05325   0.03424  0.002658   0.09014        69       640    0.1943    0.3568    0.1462   0.04601   0.06787   0.03831  0.002734
    39/299     3.54G    0.0555   0.03529  0.002347   0.09313        61       640    0.2558    0.2881    0.1726   0.06557   0.06497   0.03875  0.002833
    40/299     3.54G   0.05436   0.03477  0.002159   0.09129        25       640    0.2755    0.2756     0.187   0.07249   0.06312   0.04086  0.003055
    41/299     3.54G   0.05791   0.03532  0.002436   0.09567        49       640    0.1287    0.2607   0.09825   0.03553    0.0688   0.04062  0.003137
    42/299     3.54G   0.05521   0.03639  0.002231   0.09383        60       640    0.2548    0.2037     0.196   0.07864   0.06294   0.03919  0.002387
    43/299     3.54G   0.05424   0.03323  0.002444   0.08991        36       640    0.1548    0.3511    0.1936   0.07923   0.06219   0.03954  0.002532
    44/299     3.54G   0.05269    0.0359  0.002171   0.09076        46       640    0.8028    0.1852    0.2152   0.08992   0.06208   0.03789  0.002276
    45/299     3.54G   0.05355   0.03586  0.001946   0.09135        71       640    0.2782    0.2756    0.1725   0.04289   0.07385   0.03616  0.002623
    46/299     3.54G   0.06038    0.0336  0.001859   0.09584        49       640     0.299     0.307    0.2062   0.07517   0.06545   0.03887  0.002637
    47/299     3.54G   0.05785   0.03237  0.002668   0.09288        59       640    0.1833    0.3034    0.1605   0.05362   0.06828   0.03715  0.002404
    48/299     3.54G   0.05745   0.03592  0.002042   0.09541        62       640    0.1475    0.2457    0.1079   0.03049    0.0718   0.03797  0.002301
    49/299     3.54G   0.05711   0.03064  0.002769   0.09052        48       640    0.7931    0.1852    0.1913   0.06588   0.06764    0.0388  0.002251
    50/299     3.54G   0.05663   0.03611  0.002366   0.09511        58       640    0.1226    0.3397     0.139   0.04759   0.07195   0.03764  0.002288
    51/299     3.54G   0.05687   0.03212  0.002339   0.09132        69       640    0.7492    0.1574    0.1298   0.03497   0.06967   0.03931   0.00251
    52/299     3.54G   0.05743   0.03453  0.002365   0.09432        45       640    0.2259     0.307     0.222   0.07549   0.06473   0.03805  0.002398
    53/299     3.54G   0.05469   0.03331  0.002438   0.09044        41       640    0.1578    0.2407    0.1667   0.05796   0.06452   0.04013  0.002925
    54/299     3.54G   0.05101    0.0349  0.002297    0.0882        53       640    0.1759    0.3682     0.225    0.0761   0.06035   0.03879  0.002389
    55/299     3.54G   0.05233   0.03235  0.002191   0.08687        46       640    0.2014    0.2999    0.1861    0.0656   0.06273   0.04068  0.002227
    56/299     3.54G   0.05157   0.03034  0.002234   0.08414        36       640     0.241     0.292    0.1645   0.04932   0.06808   0.03879  0.002363
    57/299     3.54G   0.05478   0.03088  0.002038    0.0877        65       640    0.2008    0.2885    0.1619   0.05671   0.06943   0.03827   0.00233
    58/299     3.54G   0.04936   0.03249  0.002345   0.08419        50       640    0.2718    0.2325    0.1786   0.07173   0.06889   0.03825  0.002445
    59/299     3.54G   0.05454   0.03212  0.001886   0.08855        39       640    0.3944    0.2016    0.1968   0.07976   0.06876   0.03834  0.002774
    60/299     3.54G   0.05372   0.02899  0.002068   0.08478        20       640     0.335    0.2478     0.194   0.05415   0.06652   0.04031  0.002746
    61/299     3.54G   0.05287   0.03307  0.002273   0.08821        59       640    0.2696    0.2293    0.1521   0.05742   0.06534   0.04234  0.002612
    62/299     3.54G   0.04906   0.03278  0.001903   0.08374        68       640    0.1836    0.2689    0.1572   0.05763   0.06887   0.04014  0.002507
    63/299     3.54G   0.05105    0.0338  0.002055    0.0869        77       640    0.2584    0.2698    0.1815   0.05173   0.06898   0.03962  0.002371
    64/299     3.54G   0.05095   0.03057   0.00189   0.08341        52       640    0.2336    0.3326     0.218     0.076   0.06526    0.0397  0.002308
    65/299     3.54G   0.04739   0.03181  0.002028   0.08123        53       640    0.4535    0.1828    0.1434   0.04974   0.06973   0.04216  0.002476
    66/299     3.54G   0.04777   0.03064  0.001741   0.08015        36       640    0.3294    0.2638    0.2009   0.05847   0.06481   0.04327  0.002178
    67/299     3.54G   0.04776   0.03187  0.001788   0.08143        59       640    0.3853    0.2133    0.1739   0.07063   0.06499   0.04186  0.002097
    68/299     3.54G   0.05033   0.03362  0.001813   0.08577        71       640    0.3117    0.2326    0.1779   0.06309   0.06874   0.04053  0.002272
    69/299     3.54G   0.05548    0.0337  0.001933   0.09112       101       640    0.2912    0.2661    0.2291   0.06761   0.06432   0.04207  0.002325
    70/299     3.54G   0.04648   0.03197  0.002355    0.0808        51       640    0.3478    0.1738    0.1445   0.04443   0.07443   0.04114  0.002096
    71/299     3.54G   0.04873   0.03115    0.0016   0.08148        36       640    0.2366    0.2014    0.1564   0.04698   0.06796   0.04166  0.002293
    72/299     3.54G   0.04891   0.03316  0.001768   0.08384        46       640    0.2878     0.198    0.1792   0.05584   0.06885    0.0394  0.002255
    73/299     3.54G   0.04824   0.03232  0.001812   0.08238        64       640    0.2754    0.1481    0.1436   0.03671   0.07187   0.04378  0.002418
    74/299     3.54G   0.04568   0.03324  0.001978    0.0809        52       640    0.2471     0.255    0.1392   0.03656   0.06959   0.04385  0.002402
    75/299     3.54G   0.04618   0.03059  0.001695   0.07846        73       640    0.2591    0.2365    0.1882   0.07123   0.06747   0.04146  0.002016
    76/299     3.54G   0.04941   0.03183  0.001686   0.08292        66       640    0.2059      0.24    0.1305    0.0546   0.06887   0.04358  0.002284
    77/299     3.54G   0.04647   0.03089  0.001679   0.07904        61       640    0.1673    0.3127     0.156   0.04799   0.06574   0.04094  0.002379
    78/299     3.54G   0.04906   0.03219  0.001727   0.08298        69       640    0.1874    0.3419    0.1806   0.06549   0.06775   0.04069  0.002704
    79/299     3.54G   0.05159   0.02944  0.001584   0.08262        24       640    0.2296    0.2073     0.133   0.03693   0.07133   0.04091  0.002486
    80/299     3.54G   0.05376   0.03122  0.001864   0.08684        66       640    0.2274    0.3291    0.1902   0.05753   0.06686   0.04026  0.002258
    81/299     3.54G    0.0468   0.03236  0.001764   0.08092        65       640    0.2686    0.2664    0.1992   0.06401   0.06719   0.03798  0.002143
    82/299     3.54G   0.04865   0.03204  0.001831   0.08252        62       640    0.2909    0.2664    0.1875   0.05155   0.07081   0.03886  0.002021
    83/299     3.54G   0.05085   0.03055  0.001756   0.08316        48       640    0.3624    0.2016    0.1832   0.05989   0.07253   0.03704  0.002065
    84/299     3.54G    0.0545    0.0294  0.001835   0.08574        42       640    0.2406    0.3286    0.1738   0.04922   0.06686   0.04292  0.002426
    85/299     3.54G   0.04873   0.02895  0.001824   0.07951        66       640    0.2524    0.2748    0.1776   0.04687   0.06602   0.04429  0.002257
    86/299     3.54G   0.04626   0.02975  0.001962   0.07796        45       640    0.3469    0.2308    0.2442    0.0788   0.06123     0.044  0.002158
    87/299     3.54G   0.04709   0.03266  0.001633   0.08139        77       640    0.2354    0.2699    0.2051   0.07312    0.0655   0.04227  0.002138
    88/299     3.54G   0.04905   0.03022  0.001588   0.08086        47       640     0.242    0.2562     0.186    0.0668   0.06582    0.0425  0.002182
    89/299     3.54G   0.04222   0.03173  0.001543   0.07548        37       640    0.2252    0.2974    0.1997   0.07112   0.06741   0.03997  0.001957
    90/299     3.54G   0.04646   0.02906  0.001653   0.07717        26       640    0.3038    0.2805    0.2112   0.06998   0.07039   0.04092  0.002069
    91/299     3.54G   0.04812    0.0293  0.001426   0.07884        62       640     0.279     0.262    0.1615   0.04938   0.06833   0.04443   0.00223
    92/299     3.54G   0.04612   0.03174  0.001613   0.07947        88       640    0.2235    0.3326    0.1862   0.06887   0.06569   0.04262  0.002018
    93/299     3.54G   0.04093   0.02929  0.001531   0.07175        61       640    0.2728    0.2267    0.1534   0.04749   0.07078   0.04292  0.002085
    94/299     3.54G   0.04379    0.0302   0.00139   0.07538        53       640    0.3243     0.255    0.1844   0.04933   0.06914   0.04277   0.00216
    95/299     3.54G   0.04375   0.02882  0.001345   0.07392        62       640    0.2851    0.2365      0.17   0.05228   0.06827   0.04518  0.002201
    96/299     3.54G   0.04529   0.03006  0.001512   0.07686        73       640    0.3317    0.2326    0.1912   0.05379   0.06315   0.04721  0.002275
    97/299     3.54G     0.043   0.03097  0.001388   0.07535        63       640    0.2696    0.2977    0.1992   0.06632   0.06028   0.04727  0.002138
    98/299     3.54G    0.0437   0.02889  0.001594   0.07419        50       640    0.1605    0.3348    0.1896   0.05785   0.06081   0.04608  0.002209
    99/299     3.54G   0.04328   0.03001   0.00154   0.07483        78       640    0.2622    0.1944    0.1703   0.05133   0.06168   0.04739  0.002395
   100/299     3.54G   0.04466   0.02879  0.001309   0.07476        66       640    0.2013    0.3184    0.2235   0.07717   0.06236   0.04653  0.002392
   101/299     3.54G   0.04073   0.03034   0.00132   0.07239        45       640     0.323    0.2037      0.21    0.0731   0.06712   0.04403  0.002036
   102/299     3.54G    0.0405   0.02799  0.001253   0.06974        62       640    0.2305     0.292    0.2001   0.07378   0.06656   0.04697  0.001952
   103/299     3.54G     0.041   0.02863  0.001452   0.07108        77       640    0.4514     0.207    0.2118   0.08647   0.06331   0.04628   0.00179
   104/299     3.54G    0.0399   0.02798   0.00129   0.06917        35       640    0.2838    0.2885     0.221   0.09777   0.06159   0.04329   0.00185
   105/299     3.54G   0.03936     0.029  0.001252   0.06961        33       640    0.2364    0.3379    0.2149   0.07729   0.06221   0.04406   0.00193
   106/299     3.54G   0.04262   0.02959  0.001393    0.0736        76       640     0.163    0.2422    0.1377   0.05834   0.06505   0.04891   0.00256
   107/299     3.54G    0.0436   0.03106  0.001282   0.07595        72       640    0.2811    0.2258    0.1485   0.05219   0.06651   0.04665  0.002999
   108/299     3.54G   0.04147   0.02633  0.001363   0.06916        41       640    0.1725    0.2956    0.1437   0.04704   0.07093   0.04714   0.00295
   109/299     3.54G   0.03846   0.02866  0.001075    0.0682        59       640    0.3088    0.1902    0.1483   0.04474   0.07634   0.04559  0.003034
   110/299     3.54G   0.03731   0.02602  0.001127   0.06445        36       640    0.2337      0.24    0.1347   0.04865   0.07174   0.04944  0.002849
   111/299     3.54G   0.04261   0.02802  0.001466    0.0721        42       640    0.2713    0.2123    0.1651   0.05424   0.07079   0.04791  0.002598
   112/299     3.54G   0.04061   0.02792  0.001204   0.06973        48       640     0.299      0.24    0.1717   0.05856   0.06903   0.04451  0.002364
   113/299     3.54G   0.03536   0.02903 0.0009757   0.06537        54       640    0.2345    0.2422    0.1597   0.05298    0.0712   0.04177  0.002243
   114/299     3.54G   0.03859   0.02746  0.001068   0.06712        32       640    0.1838    0.2365    0.1061   0.03795   0.07283   0.04414  0.002309
   115/299     3.54G   0.03949   0.02887 0.0009814   0.06934        40       640    0.3013     0.203    0.1498   0.04906   0.07079    0.0437  0.001982
   116/299     3.54G   0.04217   0.02789  0.001236   0.07129        38       640    0.3369    0.2894    0.1886   0.05893   0.06755   0.04376  0.001851
   117/299     3.54G   0.03729   0.02727  0.001131   0.06569        24       640    0.2224    0.3454    0.1695   0.04999   0.06631   0.04761  0.001981
   118/299     3.54G    0.0422   0.03011  0.001058   0.07337        66       640    0.3374    0.2365    0.1923   0.05776   0.06651   0.04659  0.001996
   119/299     3.54G   0.03825   0.02817  0.001066   0.06749        44       640    0.5343    0.2392     0.199   0.06346   0.06499    0.0451  0.001843
   120/299     3.54G   0.03711    0.0271 0.0009122   0.06512        47       640    0.5934    0.2161    0.2107   0.06597   0.06278    0.0464  0.001526
   121/299     3.54G   0.03716   0.02857 0.0008787    0.0666        46       640    0.3731    0.3047    0.2278   0.08104    0.0629   0.04321  0.001433
   122/299     3.54G   0.03975   0.02453 0.0009195    0.0652        52       640    0.1493    0.3547    0.1569   0.04879    0.0706   0.04219   0.00156
   123/299     3.54G   0.03905   0.02552  0.001023    0.0656        82       640    0.2264    0.3326    0.1959   0.06741    0.0678    0.0418  0.001569
   124/299     3.54G   0.03846   0.02654 0.0008901   0.06589        60       640    0.2371    0.2699     0.177   0.05693   0.07065   0.04422  0.002069
   125/299     3.54G   0.03656   0.02647  0.001012   0.06404        29       640    0.2156    0.3141     0.175   0.05643   0.07056   0.04236  0.002066
   126/299     3.54G   0.03572   0.02567 0.0009827   0.06237        56       640    0.2312    0.2513     0.164   0.06627     0.068   0.04442   0.00214
   127/299     3.54G   0.03734   0.02731 0.0009319   0.06558        54       640    0.2246     0.255    0.1686   0.06768   0.06579   0.04411  0.002025
   128/299     3.54G   0.03879   0.02658  0.001045   0.06641        64       640    0.2601    0.2179    0.1647    0.0669   0.06476   0.04562  0.002016
   129/299     3.54G   0.03549   0.02598 0.0009282   0.06239        33       640    0.2102    0.2607    0.1575   0.06823   0.06605   0.04424  0.001977
   130/299     3.54G   0.03658   0.02589 0.0008049   0.06327        52       640    0.2294    0.2457    0.1585   0.05697   0.06884   0.04522  0.001963
   131/299     3.54G   0.04014   0.02719 0.0008407   0.06817        60       640    0.2347    0.2457    0.1482   0.06175   0.07124   0.04271  0.001728
   132/299     3.54G   0.03736   0.02747 0.0009342   0.06577        79       640    0.2799    0.2087    0.1421   0.05517   0.06884   0.04474  0.001907
   133/299     3.54G   0.03277     0.026 0.0009049   0.05967        70       640    0.2127    0.2272    0.1264   0.04967   0.06929   0.04628   0.00204
   134/299     3.54G   0.03399   0.02443 0.0008573   0.05928        65       640    0.2887    0.2457    0.1725   0.06184   0.06737    0.0499  0.002051
   135/299     3.54G   0.03859   0.02812 0.0008569   0.06757        87       640    0.2444    0.3043    0.1743   0.06813   0.06399   0.05041  0.001909
   136/299     3.54G   0.03713   0.02708 0.0007757   0.06498        42       640    0.2848    0.2822    0.2052    0.0899   0.06066    0.0461  0.001929
   137/299     3.54G   0.03426   0.02674 0.0007713   0.06177        53       640    0.3114    0.2955    0.2141   0.08282   0.06078   0.04811  0.001875
   138/299     3.54G   0.03329   0.02623 0.0009656   0.06049        45       640    0.3037    0.2863    0.1896   0.07722   0.06281   0.04554  0.001811
   139/299     3.54G   0.03632     0.026 0.0009145   0.06324        60       640    0.3184    0.2272    0.1891   0.07497   0.06593   0.04454  0.001791
   140/299     3.54G   0.03632   0.02655 0.0009025   0.06377        77       640    0.3409    0.2493    0.1785   0.06877   0.06643   0.04549  0.001966
   141/299     3.54G   0.03031   0.02446 0.0009078   0.05568        45       640    0.3937      0.24    0.2057   0.07213   0.06712   0.04525  0.002012
   142/299     3.54G   0.03204   0.02364 0.0007753   0.05645        75       640    0.2967    0.2585    0.1791   0.06496   0.06707   0.04949  0.002445
   143/299     3.54G   0.03502   0.02474 0.0007117   0.06047        47       640    0.2476    0.2897    0.1595   0.05157   0.06706   0.05062  0.002531
   144/299     3.54G   0.03681   0.02531 0.0008182   0.06294        91       640    0.2243    0.2514    0.1542   0.05313   0.06658    0.0487  0.002336
   145/299     3.54G   0.03359   0.02507  0.001072   0.05974        62       640    0.2271    0.3008    0.1886   0.06055   0.06411   0.04693   0.00224
   146/299     3.54G    0.0333    0.0248  0.000734   0.05883        78       640     0.305    0.2364    0.1437   0.04891   0.06675    0.0489  0.002358
   147/299     3.54G   0.03315   0.02745 0.0007536   0.06135        55       640    0.2374    0.3118    0.1729   0.06177   0.06538   0.04889  0.002382
   148/299     3.54G   0.03727   0.02433 0.0007654   0.06236        71       640    0.2743    0.3305     0.186   0.06726   0.06635   0.04784  0.002415
   149/299     3.54G    0.0322   0.02289 0.0007664   0.05586        34       640    0.3737    0.2457    0.1779   0.06719   0.06933   0.04591  0.002264
   150/299     3.54G   0.03179   0.02466 0.0008657   0.05731        68       640    0.2685    0.2899    0.1865   0.07091   0.06831   0.04659  0.002576
   151/299     3.54G   0.03109   0.02291 0.0008129   0.05481        57       640    0.4294    0.2329    0.1883   0.06506   0.06842    0.0478  0.002734
   152/299     3.54G   0.03283   0.02315 0.0006909   0.05668        59       640    0.2813    0.2144    0.1466   0.06141   0.06997   0.04826  0.002895
   153/299     3.54G   0.03014   0.02443 0.0007546   0.05532        45       640    0.2129    0.2956    0.1558   0.05526   0.06964   0.04739   0.00241
   154/299     3.54G   0.03007   0.02327 0.0007043   0.05405        30       640    0.2393    0.2555    0.1904   0.07345   0.06829   0.04719  0.002364
   155/299     3.54G   0.03279   0.02495 0.0008125   0.05855        78       640    0.2985    0.2329    0.1696   0.06263   0.06694   0.04891  0.002369
   156/299     3.54G   0.03269   0.02473  0.000731   0.05815        71       640    0.2548    0.2457    0.1599   0.06402   0.06751   0.04766  0.002164
   157/299     3.54G    0.0302    0.0246 0.0008374   0.05564        66       640    0.2429     0.235    0.1845   0.07389   0.06707   0.04644  0.002198
   158/299     3.54G   0.03211   0.02283 0.0007011   0.05564        51       640    0.2819    0.2678    0.1781    0.0667   0.06748    0.0479  0.002108
   159/299     3.54G   0.03036   0.02452 0.0008754   0.05575        46       640    0.2249    0.2641    0.1758   0.06618   0.06736   0.04762  0.002095
   160/299     3.54G    0.0336   0.02549 0.0007676   0.05985        46       640     0.259    0.2653    0.1702   0.07118   0.06886   0.04773  0.002081
   161/299     3.54G   0.03091   0.02378 0.0007257   0.05541        65       640    0.4354    0.1994    0.1981   0.07707    0.0681   0.04775  0.002169
   162/299     3.54G   0.03003   0.02299 0.0006974   0.05371        44       640    0.2676    0.2455    0.1742   0.07588   0.06706   0.04492  0.002083
   163/299     3.54G   0.02926   0.02289 0.0008514   0.05301        58       640     0.285    0.2828    0.1829   0.06717   0.06858   0.04333  0.002016
   164/299     3.54G   0.02975   0.02324 0.0007026    0.0537        98       640    0.3338    0.2674      0.16   0.05326   0.07104   0.04352  0.002008
   165/299     3.54G   0.02756   0.02365 0.0007746   0.05198        56       640    0.5048    0.2365    0.2024   0.08795   0.06924   0.04449  0.001958
   166/299     3.54G   0.02905    0.0226 0.0006466   0.05229        58       640    0.3618    0.2735    0.1956   0.07997   0.06887   0.04571   0.00206
   167/299     3.54G   0.03412   0.02372 0.0006454   0.05849        59       640    0.3033    0.2642    0.1784   0.06885   0.07057   0.04624   0.00207
   168/299     3.54G   0.03394   0.02436 0.0006248   0.05893        83       640    0.3744     0.255    0.1877   0.06299   0.07134   0.04614  0.002152
   169/299     3.54G   0.03214   0.02314 0.0006407   0.05592        53       640    0.2114    0.2642    0.1578   0.07225    0.0709   0.04576  0.002223
   170/299     3.54G   0.02877   0.01977  0.000689   0.04923        73       640    0.2375    0.2365    0.1595   0.06989   0.06943    0.0474   0.00233
   171/299     3.54G   0.02963   0.02236 0.0007036   0.05269        95       640     0.392    0.2084    0.1738   0.06872   0.06995   0.04696  0.002334
   172/299     3.54G   0.03218   0.02256 0.0006262   0.05537        47       640    0.3133    0.2329     0.185   0.07186   0.06794   0.04706   0.00215
   173/299     3.54G   0.02902   0.02191  0.000762    0.0517        52       640    0.4617    0.2549    0.2439   0.09293   0.06403   0.04746  0.002012
   174/299     3.54G    0.0273   0.02207 0.0006194   0.04999        41       640    0.5704    0.2918    0.2679     0.116    0.0622   0.04667  0.001885
   175/299     3.54G   0.03136   0.02305 0.0005731   0.05498        55       640    0.3378    0.3419    0.2511    0.1071   0.06428   0.04642  0.001935
   176/299     3.54G   0.03468   0.02143 0.0006436   0.05675        23       640    0.2861    0.3105    0.1992   0.09039   0.06598   0.04918  0.002215
   177/299     3.54G   0.02935   0.02404 0.0006905   0.05409        53       640    0.2987    0.2991    0.1989    0.0813   0.06534   0.04977  0.002561
   178/299     3.54G   0.02888    0.0225 0.0006663   0.05205        30       640    0.3474    0.2272    0.1942   0.07583   0.06565   0.04948  0.002326
   179/299     3.54G   0.02868   0.02297 0.0005689   0.05221        39       640    0.6815    0.2087     0.215   0.07174   0.06825   0.05082  0.002358
   180/299     3.54G   0.02908   0.02286 0.0007303   0.05266        49       640    0.2807    0.2365    0.1754   0.06952   0.07144   0.05214  0.002483
   181/299     3.54G   0.02864   0.02245 0.0005467   0.05164        61       640    0.2312    0.2672    0.1893   0.06994   0.07016   0.05319  0.002231
   182/299     3.54G   0.02665   0.02352 0.0005329   0.05069        29       640    0.2637    0.2842    0.1872   0.07195   0.06873   0.05161  0.002027
   183/299     3.54G   0.02796   0.02478 0.0005403   0.05327       104       640    0.2596    0.2585    0.1966   0.07918   0.06731   0.05076  0.002012
   184/299     3.54G   0.03084   0.02408 0.0006126   0.05553        92       640    0.3235    0.2528    0.2251   0.08032   0.06666   0.05018  0.002054
   185/299     3.54G   0.02621   0.02246 0.0005381   0.04921        52       640    0.6004    0.1902    0.2181   0.07794   0.06901   0.05276  0.002369
   186/299     3.54G   0.02775   0.02241 0.0006296   0.05079        78       640    0.2777    0.2585    0.1899   0.07699   0.06971   0.05411  0.002607
   187/299     3.54G   0.02677   0.02035 0.0005474   0.04766        40       640    0.3954    0.2363    0.2208   0.08493   0.06944   0.05464  0.002588
   188/299     3.54G   0.02906   0.02294 0.0005607   0.05255        36       640    0.6051    0.1994    0.2083   0.08021    0.0696   0.05222  0.002438
   189/299     3.54G   0.02586   0.02106 0.0004781    0.0474        34       640    0.4748    0.2585    0.2279   0.08618   0.06967   0.04937  0.002263
   190/299     3.54G   0.02903   0.02214 0.0006439   0.05181        57       640    0.4726      0.24    0.2118   0.08753   0.06808   0.04893  0.002102
   191/299     3.54G   0.03263   0.02107 0.0004909   0.05419        75       640    0.4518    0.2307    0.2072   0.08146   0.07001   0.04918   0.00198
   192/299     3.54G   0.02987   0.02229 0.0006176   0.05278        31       640    0.3504    0.2308    0.1957   0.07152   0.06944   0.05032  0.001978
   193/299     3.54G   0.02756   0.02268 0.0006077   0.05084        81       640     0.329    0.2745    0.2213     0.082    0.0666   0.05092  0.001983
   194/299     3.54G   0.02612   0.02077 0.0005069   0.04739        45       640    0.3045    0.2678    0.2082   0.08054   0.06708   0.05239   0.00216
   195/299     3.54G   0.02709   0.02168 0.0005536   0.04933        34       640    0.2342    0.3048    0.2135   0.08487   0.06588   0.05271  0.002161
   196/299     3.54G   0.02944   0.02185 0.0005782   0.05187        37       640    0.3254    0.2863    0.2157   0.09044   0.06438   0.05295  0.002176
   197/299     3.54G   0.02874   0.02355 0.0004996   0.05279        47       640    0.3571    0.2215    0.2104   0.08448   0.06438   0.05199  0.001972
   198/299     3.54G   0.02709   0.02069  0.000488   0.04826        38       640    0.3286    0.2087    0.1971   0.08804   0.06663   0.04878  0.002014
   199/299     3.54G   0.02927   0.02156 0.0004722    0.0513        58       640    0.4525    0.2085      0.21   0.08942    0.0663   0.04841  0.001879
   200/299     3.54G   0.03186   0.02199 0.0004827   0.05433        50       640    0.3694    0.2714    0.2463    0.1042   0.06538   0.04772  0.001935
   201/299     3.54G   0.02671   0.02063 0.0005424   0.04788        27       640    0.3741    0.2863    0.2322   0.09997   0.06485    0.0454   0.00178
   202/299     3.54G   0.02682   0.02065  0.000465   0.04793        78       640    0.3996    0.2493    0.2321    0.0983   0.06569   0.04505  0.001775
   203/299     3.54G    0.0259   0.02101 0.0004633   0.04738        86       640    0.3846    0.2436    0.2243   0.09504   0.06588   0.04657  0.001757
   204/299     3.54G   0.02778   0.02048 0.0004447   0.04871        35       640    0.4875    0.2123    0.2074    0.0912   0.06769     0.047  0.001869
   205/299     3.54G   0.02541   0.02225 0.0004913   0.04815        72       640    0.4345    0.1994    0.2102   0.09601   0.06765   0.04603  0.001869
   206/299     3.54G   0.02798    0.0215 0.0005381   0.05001        33       640    0.4023    0.2528    0.2454   0.08887    0.0673   0.04756  0.001844
   207/299     3.54G   0.02661   0.02016 0.0004506   0.04723        38       640    0.4245     0.212    0.2143   0.09138   0.06763   0.04812  0.001957
   208/299     3.54G   0.02936   0.02234 0.0004994   0.05221        42       640    0.3011      0.24    0.2071   0.09157   0.06727   0.04729   0.00196
   209/299     3.54G   0.02639   0.02118 0.0005065   0.04808        41       640    0.2981    0.2123    0.1956    0.0873   0.06819   0.04851  0.002018
   210/299     3.54G   0.02667   0.02058  0.000532   0.04778        55       640    0.3819    0.2158    0.2182   0.09064   0.06735    0.0525  0.002096
   211/299     3.54G   0.02619   0.02012 0.0004587   0.04677        32       640    0.2974    0.2436    0.2202   0.07889   0.06798   0.05484  0.002221
   212/299     3.54G   0.02538   0.02046 0.0005738   0.04642        30       640    0.2617    0.2585    0.1953   0.07345   0.06886   0.05541  0.002306
   213/299     3.54G   0.02777   0.02111 0.0004298   0.04931        70       640    0.3258    0.1845    0.1615   0.07036   0.06893    0.0562  0.002381
   214/299     3.54G   0.02622   0.01965 0.0004929   0.04636        29       640     0.187    0.2621    0.1481    0.0643   0.07009   0.05431   0.00227
   215/299     3.54G   0.02706   0.02138 0.0004283   0.04887        48       640    0.2142    0.2665    0.1546   0.06517   0.07032   0.05178  0.002167
   216/299     3.54G   0.02671   0.02059 0.0004534   0.04776        48       640    0.2749    0.2365    0.1696   0.07399    0.0682   0.05018  0.002064
   217/299     3.54G   0.02395    0.0218 0.0004749   0.04623       102       640    0.2564    0.2678    0.1706   0.07015   0.06871   0.04996   0.00204
   218/299     3.54G   0.02437   0.02033 0.0004362   0.04513        40       640    0.2777     0.349    0.2252   0.07565   0.06757   0.05088   0.00202
   219/299     3.54G   0.02487   0.01953 0.0005023   0.04491        53       640    0.2842     0.336    0.2471   0.09066   0.06747   0.05129  0.002049
   220/299     3.54G   0.02914   0.02117  0.000414   0.05073        75       640    0.2718    0.2955    0.2329   0.08846   0.06756   0.05205  0.002089
   221/299     3.54G   0.02605    0.0221  0.000464   0.04862        36       640    0.6214    0.1959    0.2295   0.09512    0.0683    0.0513  0.002155
   222/299     3.54G   0.02534   0.02077 0.0005911    0.0467        53       640    0.4961    0.1959    0.2123   0.08467   0.06887   0.05123  0.002147
   223/299     3.54G    0.0261   0.02019  0.000429   0.04672        50       640    0.2224    0.3048    0.2101   0.08237   0.06853   0.05262  0.002238
   224/299     3.54G   0.02606   0.01966 0.0004115   0.04613        46       640    0.2477     0.286    0.1896   0.08558   0.06685   0.05368  0.002291
   225/299     3.54G   0.02378   0.02057 0.0004282   0.04478        62       640    0.3435    0.2617    0.2189   0.08459   0.06646   0.05388  0.002346
   226/299     3.54G   0.02423   0.01986 0.0004603   0.04455        49       640    0.2988    0.2493    0.2059   0.09244   0.06598   0.05299  0.002261
   227/299     3.54G    0.0227   0.02044 0.0005109   0.04366        23       640    0.3262    0.2585    0.1997   0.08885   0.06772   0.05234  0.002283
   228/299     3.54G   0.02454   0.02135 0.0004241   0.04632        61       640     0.255    0.3133    0.2078   0.08405   0.06836   0.05168  0.002251
   229/299     3.54G   0.02362   0.01952 0.0004836   0.04363        21       640    0.3026    0.2771    0.2138    0.0824   0.06871   0.05112  0.002155
   230/299     3.54G   0.02518    0.0188 0.0004029   0.04438        38       640    0.3782    0.2805    0.2253   0.08958   0.06801   0.05106  0.002189
   231/299     3.54G   0.02565   0.01982 0.0004145   0.04588        54       640    0.3337    0.2892    0.2262    0.0962   0.06746   0.05063  0.002172
   232/299     3.54G    0.0261   0.02057 0.0003625   0.04703        45       640    0.3928    0.2749    0.2439   0.09006   0.06814   0.05075  0.002158
   233/299     3.54G   0.02442   0.02125 0.0003762   0.04605        70       640    0.3495    0.3027    0.2473   0.09336   0.06792   0.05001  0.002142
   234/299     3.54G   0.02276   0.01843 0.0004978   0.04169        62       640    0.3717    0.2621    0.2242   0.09462   0.06619   0.05128  0.002083
   235/299     3.54G   0.02372   0.01984 0.0004688   0.04403        47       640    0.4059    0.2988    0.2523     0.104   0.06661   0.05255  0.002212
   236/299     3.54G   0.02575   0.01993 0.0004004   0.04608        32       640    0.3861    0.2788    0.2222   0.09587   0.06614   0.05278  0.002235
   237/299     3.54G   0.02514   0.01934 0.0003979   0.04488        52       640    0.3456      0.24    0.1883   0.08724   0.06674   0.05211  0.002187
   238/299     3.54G   0.02596   0.02038 0.0003267   0.04667        41       640    0.3213    0.2308    0.1808   0.08472   0.06768   0.05207  0.002214
   239/299     3.54G   0.02416   0.02058 0.0003987   0.04514        56       640     0.346    0.2619     0.187   0.08199   0.06806   0.05341  0.002291
   240/299     3.54G   0.02402   0.01999 0.0003699   0.04438        39       640    0.2637    0.3212    0.1856    0.0862   0.06768   0.05436  0.002309
   241/299     3.54G   0.02324   0.02076 0.0004689   0.04447        46       640    0.2312    0.2836    0.1615   0.07978   0.06913   0.05535  0.002339
   242/299     3.54G    0.0241   0.02098 0.0003348   0.04541        53       640    0.2548    0.2749    0.1658   0.07872   0.06832   0.05402  0.002266
   243/299     3.54G   0.02372   0.02046 0.0003622   0.04454        50       640    0.3575    0.2308    0.1998    0.0834   0.06856   0.05323   0.00225
   244/299     3.54G   0.02407   0.02055 0.0004122   0.04503        64       640    0.2852    0.2527    0.1907   0.08664   0.06842    0.0525  0.002268
   245/299     3.54G   0.02467   0.01971 0.0003335   0.04471        58       640    0.3019    0.2528    0.1861   0.08425   0.06889    0.0517  0.002199
   246/299     3.54G   0.02257   0.01895 0.0003329   0.04185        80       640     0.304    0.2585    0.2144   0.08708   0.06801   0.05081  0.002127
   247/299     3.54G   0.02339   0.01976 0.0003488    0.0435        76       640    0.4901    0.2236    0.2308    0.0953   0.06756   0.05111  0.002138
   248/299     3.54G   0.02398   0.01901 0.0003611   0.04336        51       640    0.3246    0.2642    0.2213    0.1008   0.06614   0.04995  0.002098
   249/299     3.54G    0.0223   0.01971 0.0004455   0.04246        25       640    0.5191     0.286    0.2758    0.1048   0.06524   0.05143  0.002134
   250/299     3.54G    0.0246   0.01818 0.0002892   0.04308        33       640    0.3777      0.33    0.2593    0.1025   0.06615   0.05314  0.002189
   251/299     3.54G   0.02394   0.01937 0.0003708   0.04368        38       640    0.4158    0.2493    0.2474   0.09863   0.06734   0.05308  0.002225
   252/299     3.54G   0.02512   0.02017 0.0003985   0.04569        72       640    0.5795    0.1994    0.2407   0.09895   0.06874   0.05248  0.002236
   253/299     3.54G   0.02401   0.02064   0.00037   0.04502        81       640    0.2739    0.3645    0.2398   0.09957   0.06909   0.05327  0.002367
   254/299     3.54G   0.02246   0.01736 0.0003099   0.04013        59       640     0.271    0.2806    0.2101   0.09069    0.0702   0.05395  0.002527
   255/299     3.54G   0.02578   0.02168 0.0003653   0.04782        74       640    0.3884    0.2123    0.2103    0.0893   0.06957   0.05293   0.00248
   256/299     3.54G   0.02557   0.02015 0.0003721   0.04609        75       640    0.4468    0.2215    0.2225    0.0967   0.06924   0.05148  0.002451
   257/299     3.54G   0.02478   0.02108 0.0003545   0.04621        73       640    0.3124    0.2806    0.2212   0.09899    0.0704   0.05054  0.002501
   258/299     3.54G    0.0226    0.0202 0.0003524   0.04316        75       640    0.3738    0.2651    0.2267   0.09924   0.06968   0.05009  0.002425
   259/299     3.54G   0.02404   0.01873 0.0003806   0.04316        77       640    0.4882    0.2493     0.218   0.09944   0.06989   0.05045  0.002454
   260/299     3.54G   0.02365   0.01799 0.0003344   0.04196        51       640    0.3985    0.2678    0.2119   0.09221   0.06936   0.05212   0.00248
   261/299     3.54G   0.02285   0.01971 0.0003483   0.04291        52       640    0.3902     0.258    0.2152   0.09458   0.06867   0.05337  0.002532
   262/299     3.54G   0.02419   0.02014 0.0003235   0.04465       100       640    0.3997    0.2753    0.2372   0.09275   0.06828   0.05373  0.002579
   263/299     3.54G    0.0238   0.01951 0.0003012   0.04361        61       640     0.446    0.2436    0.2363   0.09408   0.06835   0.05369  0.002557
   264/299     3.54G   0.02206   0.01878 0.0003744   0.04122        51       640     0.394    0.2621    0.2321   0.09302   0.06832   0.05452  0.002537
   265/299     3.54G   0.02095   0.01779 0.0003383   0.03909        66       640    0.3405    0.2897    0.2243   0.09024   0.06907   0.05498  0.002561
   266/299     3.54G   0.02291   0.01924  0.000286   0.04244        49       640    0.3405    0.2806    0.2002   0.08817   0.07011     0.054  0.002427
   267/299     3.54G   0.02339   0.01976 0.0003569    0.0435        56       640    0.2794    0.3151    0.2065   0.08658   0.07012   0.05509  0.002411
   268/299     3.54G   0.02387   0.01862 0.0002847   0.04277        51       640    0.2843    0.2886    0.2111   0.08268    0.0707   0.05598  0.002397
   269/299     3.54G   0.02274   0.02086 0.0003089    0.0439        54       640    0.3311    0.2215    0.2157   0.09029   0.07041    0.0559  0.002334
   270/299     3.54G   0.02065   0.01947 0.0002687   0.04039        62       640    0.3895    0.2119    0.2316   0.08521   0.07077   0.05413  0.002207
   271/299     3.54G    0.0211   0.01959  0.000328   0.04101        59       640    0.3783    0.2305    0.2104    0.0836   0.07113   0.05283  0.002151
   272/299     3.54G   0.02208   0.01873 0.0002726   0.04108        44       640    0.3229    0.2771    0.2107   0.08397   0.07091   0.05153  0.002058
   273/299     3.54G   0.02118   0.01771 0.0003049   0.03919        79       640    0.3191     0.284    0.2061   0.08233   0.07134   0.05092   0.00214
   274/299     3.54G   0.02254   0.01679 0.0003151   0.03965        36       640    0.3335      0.24    0.1985   0.08439   0.07134   0.05084  0.002193
   275/299     3.54G   0.02137   0.01868  0.000274   0.04033        58       640    0.2888    0.2929    0.2121   0.08357   0.07154   0.05166  0.002271
   276/299     3.54G   0.02247   0.01715 0.0004867    0.0401        41       640    0.3878      0.24    0.2075   0.08467   0.07233   0.05185  0.002302
   277/299     3.54G   0.02252   0.01773  0.000298   0.04055        52       640    0.4004    0.2675    0.2282   0.08757    0.0717    0.0512  0.002258
   278/299     3.54G   0.02163   0.01827 0.0003265   0.04022        44       640    0.3214    0.2771    0.2276   0.08908   0.07146   0.05045   0.00225
   279/299     3.54G   0.02227   0.01745 0.0003479   0.04008        32       640    0.3615    0.2771    0.2379   0.09201   0.07164   0.05045  0.002255
   280/299     3.54G   0.02274   0.02025 0.0002861   0.04328        36       640    0.3558    0.2678     0.228   0.09052   0.07114   0.05053  0.002235
   281/299     3.54G   0.02246   0.01812 0.0003299   0.04092        58       640    0.2854    0.3397    0.2258   0.09667   0.07111   0.05064  0.002252
   282/299     3.54G   0.02251   0.01886 0.0004251   0.04179        65       640    0.3355     0.307    0.2323   0.08829   0.07084    0.0513  0.002243
   283/299     3.54G   0.02331   0.01863   0.00028   0.04223        63       640    0.3193    0.3433     0.233   0.08297   0.07065   0.05182  0.002203
   284/299     3.54G   0.02014   0.01708 0.0004338   0.03766        27       640    0.3545    0.2678    0.2477    0.0933   0.06973   0.05277  0.002203
   285/299     3.54G   0.02158   0.01958 0.0002745   0.04143        50       640    0.2886    0.3416     0.246    0.1008   0.06936   0.05293  0.002177
   286/299     3.54G   0.02182   0.01668 0.0004089   0.03891        39       640    0.3784    0.2492    0.2246    0.0902   0.07073   0.05268    0.0022
   287/299     3.54G    0.0243   0.01855 0.0003858   0.04323        58       640    0.3861    0.2584    0.2084   0.08549   0.07129   0.05213  0.002215
   288/299     3.54G    0.0228   0.01688 0.0002507   0.03993        38       640    0.3621    0.2899    0.2057   0.08468   0.07203   0.05256  0.002305
   289/299     3.54G   0.02226   0.01837 0.0002799   0.04091        73       640    0.3825    0.2804    0.2088   0.08479   0.07169   0.05219   0.00228
   290/299     3.54G    0.0213   0.01932 0.0002615   0.04088        87       640    0.3243    0.2585    0.2014   0.08683    0.0705   0.05137   0.00219
   291/299     3.54G   0.02258   0.01897 0.0003434    0.0419        29       640    0.2943    0.2731    0.1896   0.08559   0.06999   0.05071  0.002159
   292/299     3.54G   0.02134    0.0171  0.000298   0.03874        32       640    0.2825    0.2956    0.2108    0.0895   0.07011   0.05067  0.002162
   293/299     3.54G   0.02122   0.01882 0.0002846   0.04033        56       640    0.3613     0.312    0.2435   0.09176   0.07018   0.05148  0.002186
   294/299     3.54G   0.02172     0.019 0.0002858   0.04101        37       640    0.3473    0.2678    0.2253    0.0901   0.07063   0.05234  0.002251
   295/299     3.54G   0.01978   0.01803 0.0003233   0.03814        55       640    0.4043    0.2562    0.2225    0.1002   0.07006   0.05185  0.002264
   296/299     3.54G   0.02244   0.01816 0.0002664   0.04087        90       640    0.3232    0.2657    0.2124   0.09615   0.06946   0.05207   0.00231
   297/299     3.54G   0.02231   0.01765 0.0003354    0.0403        48       640    0.2903    0.3016    0.2185    0.1021    0.0689   0.05211  0.002365
   298/299     3.54G   0.02308    0.0189 0.0003142    0.0423        65       640    0.4504    0.2621    0.2281    0.1037    0.0685   0.05279  0.002492
   299/299     3.54G   0.02022     0.016 0.0002686   0.03649        71       640    0.4885    0.2528    0.2259    0.1075   0.06829   0.05327  0.002644
