     0/299     3.35G    0.1195   0.04162   0.02886      0.19        97       640    0.2375   0.01471  0.008584  0.001674    0.1216   0.02975   0.02707
     1/299     3.56G    0.1161   0.03927   0.02662     0.182        33       640   0.01932   0.07353    0.0122   0.00138     0.116   0.02838   0.02501
     2/299     3.56G    0.1118   0.03959   0.02442    0.1758        33       640   0.04676   0.02941  0.009356  0.001719    0.1096   0.02851   0.02269
     3/299     3.56G    0.1033   0.04458   0.02187    0.1698        37       640    0.1064   0.02941   0.01729   0.00287    0.1024   0.02959    0.0199
     4/299     3.56G    0.0985   0.04709   0.01979    0.1654        41       640    0.5923   0.08824   0.04754   0.01029   0.09781   0.03015   0.01759
     5/299     3.56G   0.09299   0.04616   0.01646    0.1556        21       640    0.6316    0.1324   0.09297   0.01971   0.09042   0.03154   0.01568
     6/299     3.56G   0.08851   0.05226    0.0145    0.1553        53       640    0.6643    0.1912    0.1176   0.02487   0.08497   0.03208   0.01388
     7/299     3.56G   0.08312   0.04996    0.0127    0.1458        42       640    0.7093      0.25    0.1624   0.03493    0.0812   0.03115   0.01262
     8/299     3.56G   0.07941   0.05097   0.01055    0.1409        36       640    0.6664    0.2647    0.1554    0.0335   0.08016   0.03018   0.01123
     9/299     3.56G   0.07504   0.04669  0.009926    0.1317        61       640    0.8231    0.2206    0.2225   0.05249   0.07414   0.03146  0.009797
    10/299     3.56G   0.07083   0.04971  0.008111    0.1286        87       640    0.7439    0.3088    0.2303    0.0766   0.06918   0.03117  0.008727
    11/299     3.56G   0.06844   0.04763  0.007219    0.1233        52       640    0.7817    0.3227    0.2652   0.07508   0.06834   0.03079  0.007732
    12/299     3.56G   0.06358   0.04926  0.006346    0.1192        71       640    0.7914    0.3082    0.2839   0.09423   0.06614   0.03036  0.007781
    13/299     3.56G   0.06404   0.04685  0.006427    0.1173        65       640    0.6957    0.3529    0.2541    0.0653   0.06599   0.03017  0.007415
    14/299     3.56G   0.06281   0.04645  0.006788     0.116        51       640    0.7187    0.2745    0.2204   0.04747   0.06926    0.0285  0.006694
    15/299     3.56G   0.06922   0.04094  0.004796     0.115        49       640    0.6321    0.1912   0.09638   0.02358   0.07557   0.02643  0.006339
    16/299     3.56G   0.06702   0.04703  0.005067    0.1191        44       640    0.7868    0.2794    0.2612   0.08464   0.06469    0.0277  0.006105
    17/299     3.56G   0.06606   0.04362  0.004742    0.1144        84       640    0.7367    0.2794    0.2748   0.08846   0.06637   0.02614  0.005813
    18/299     3.56G   0.06584   0.04122  0.005257    0.1123        58       640    0.7778    0.2794    0.3042    0.1206   0.06645   0.02644  0.005486
    19/299     3.56G   0.06701   0.04394  0.004249    0.1152        84       640    0.7374    0.2794    0.2551   0.07556   0.07067   0.02493  0.005375
    20/299     3.56G   0.06649   0.04339  0.004016    0.1139        68       640    0.8378    0.3674     0.358    0.1481   0.06202   0.02616   0.00533
    21/299     3.56G    0.0657   0.04078  0.004446    0.1109        33       640    0.7393    0.1912    0.1876   0.03404   0.07044   0.02544  0.005244
    22/299     3.56G   0.06413   0.04355  0.004465    0.1121        47       640    0.8116    0.2941     0.307    0.1276   0.06054   0.02693  0.004967
    23/299     3.56G    0.0626   0.04013  0.004334    0.1071        30       640    0.8032      0.25    0.2704   0.08872   0.06769   0.02514  0.004731
    24/299     3.56G     0.063   0.04349  0.003781    0.1103        55       640       0.9    0.4116     0.409    0.1706   0.05806    0.0261  0.004462
    25/299     3.56G   0.06374   0.03814  0.003675    0.1056        76       640    0.7634    0.4265     0.344   0.09327   0.06192   0.02564  0.004108
    26/299     3.56G   0.06066    0.0398  0.004114    0.1046        42       640    0.8413    0.3529    0.3619    0.1356   0.05768    0.0259   0.00375
    27/299     3.56G   0.06347   0.04215  0.004512    0.1101        39       640    0.8822    0.3382    0.3879    0.1331   0.05862   0.02639  0.003775
    28/299     3.56G   0.05796   0.04184  0.003454    0.1033        33       640     0.833    0.2941    0.2926    0.1085   0.05939   0.02578   0.00345
    29/299     3.56G   0.06043   0.04064  0.003516    0.1046        64       640    0.8167    0.2794    0.3388    0.1368   0.05875   0.02615  0.003497
    30/299     3.56G   0.05963   0.03761  0.003383    0.1006        74       640    0.8567    0.3676    0.3882    0.1674   0.05453   0.02771  0.003481
    31/299     3.56G   0.05598   0.04017  0.003197   0.09934        55       640    0.8328    0.3824    0.4023    0.1846   0.05505   0.02604  0.003325
    32/299     3.56G   0.05829    0.0387  0.003135    0.1001        56       640    0.8117    0.3676    0.3792    0.1681   0.05352   0.02617   0.00328
    33/299     3.56G   0.05649   0.03929  0.003162   0.09894        60       640    0.7818    0.3235    0.2817    0.1104   0.05699    0.0266  0.003371
    34/299     3.56G   0.05559   0.03609  0.003526   0.09521        32       640     0.862    0.3088    0.3434    0.1396   0.05505   0.02703  0.003269
    35/299     3.56G   0.05679    0.0373  0.002549   0.09664        58       640    0.7976    0.3676    0.3269    0.1212   0.05601   0.02622  0.002997
    36/299     3.56G   0.05525   0.03762  0.002548   0.09542        51       640    0.4282    0.3529    0.3586    0.1681   0.05319   0.02719  0.003201
    37/299     3.56G   0.05154   0.03787  0.002907   0.09232        20       640    0.8382    0.3381    0.3475    0.1682   0.05075    0.0255   0.00279
    38/299     3.56G   0.05379   0.03758    0.0035   0.09488        37       640    0.3259    0.4436    0.3893    0.1772   0.04966   0.02641  0.002686
    39/299     3.56G   0.05168   0.03964  0.002576    0.0939        78       640     0.847    0.3676    0.4173    0.1669   0.05773   0.02487  0.002719
    40/299     3.56G   0.05527   0.03572  0.003066   0.09406        74       640    0.5224    0.3646    0.3698     0.153   0.05169   0.02912  0.003099
    41/299     3.56G   0.05241   0.03903   0.00302   0.09446        50       640    0.3161    0.4455    0.3815    0.1845   0.04884   0.02648  0.002716
    42/299     3.56G   0.05114   0.03678  0.003339   0.09126        58       640     0.394    0.4258    0.3886    0.1749   0.05206   0.02594  0.002598
    43/299     3.56G   0.05441   0.03459  0.002655   0.09165        47       640    0.4911    0.4142     0.395    0.1789   0.05107   0.02629  0.002747
    44/299     3.56G   0.05108    0.0389  0.002907   0.09289        51       640    0.3703    0.4111    0.3118    0.1472   0.05111   0.02707   0.00296
    45/299     3.56G   0.04894   0.03718  0.002713   0.08883        77       640    0.3541    0.5171    0.4074    0.1781   0.05716   0.02486  0.002437
    46/299     3.56G   0.05888   0.03511  0.003159   0.09715        79       640     0.388    0.3793    0.3773    0.1928   0.05001   0.02574  0.002738
    47/299     3.56G    0.0547   0.03364  0.003017   0.09135        61       640    0.6015    0.4319    0.3984    0.1784   0.05293   0.02519  0.002869
    48/299     3.56G   0.05489   0.03502  0.002945   0.09285        97       640    0.7559    0.3088    0.3015    0.1081   0.05543   0.02542  0.003196
    49/299     3.56G   0.05356   0.03387  0.003002   0.09043        64       640    0.6211    0.4041    0.4181    0.2036   0.04956   0.02726  0.002953
    50/299     3.56G   0.05454   0.03448  0.003062   0.09208        33       640    0.4076    0.4436    0.3632    0.1406   0.05395   0.02642  0.002989
    51/299     3.56G   0.05379   0.03403  0.002749   0.09057        68       640    0.3658    0.4723    0.4041    0.2027   0.05482   0.02561  0.002727
    52/299     3.56G   0.05237   0.03565  0.002978   0.09099        56       640    0.4113    0.5513     0.429    0.1775   0.05217   0.02638  0.002806
    53/299     3.56G   0.05067   0.03385  0.003436   0.08796        55       640    0.3195    0.5122     0.394    0.1637   0.05248   0.02566  0.002626
    54/299     3.56G    0.0496   0.03307  0.002751   0.08542        82       640    0.7727    0.3753    0.3074    0.1207   0.05444   0.02648    0.0029
    55/299     3.56G   0.05271   0.03318  0.002833   0.08872        29       640    0.4039    0.4196    0.3367    0.1653   0.05521   0.02756  0.002891
    56/299     3.56G    0.0502   0.03277  0.003544   0.08651        85       640    0.4884    0.4521    0.4257    0.1631   0.05098   0.02592  0.002723
    57/299     3.56G   0.05053   0.03268  0.003012   0.08622        46       640     0.363    0.4754    0.3788    0.1749   0.05298   0.02759  0.003105
    58/299     3.56G   0.04902   0.03608    0.0024    0.0875        46       640    0.4837    0.4716    0.4405    0.1892   0.04879   0.02584  0.002504
    59/299     3.56G   0.05119   0.03407  0.002563   0.08783        40       640    0.5983    0.3437     0.349    0.1509   0.04989    0.0287   0.00271
    60/299     3.56G   0.04544   0.03622  0.002662   0.08432        30       640    0.3804     0.379    0.3628    0.1642   0.05001   0.02575  0.002896
    61/299     3.56G   0.04988     0.032  0.002779   0.08466        72       640    0.4222    0.3573     0.351    0.1611   0.04946    0.0279  0.002778
    62/299     3.56G   0.04955   0.03554  0.002319    0.0874        93       640    0.6724    0.3793    0.3497    0.1161   0.05299   0.02718   0.00228
    63/299     3.56G   0.05102   0.03284  0.002595   0.08645        64       640    0.5142    0.3878    0.3944    0.1376   0.05578   0.02625  0.002393
    64/299     3.56G   0.04831    0.0325  0.002463   0.08327        43       640    0.3681    0.4607    0.3788    0.1655   0.04979   0.02875  0.002725
    65/299     3.56G   0.04624   0.03332  0.002105   0.08167        49       640    0.3536    0.5397    0.3816    0.1593    0.0496   0.02724  0.002416
    66/299     3.56G   0.04931   0.03098  0.002642   0.08293        31       640    0.5536    0.4521    0.4521    0.1958   0.04883   0.02636  0.002688
    67/299     3.56G   0.04553   0.03194  0.002919   0.08039        69       640     0.481    0.4536    0.4162    0.1945   0.05136    0.0305  0.003211
    68/299     3.56G   0.04669   0.03325  0.001942   0.08189        53       640    0.3637    0.4986    0.3825    0.1691   0.05027   0.02865  0.002342
    69/299     3.56G   0.04504   0.03232  0.002676   0.08003        47       640    0.4946    0.4374    0.3851    0.1585   0.05331   0.02806  0.002214
    70/299     3.56G   0.04625   0.03108  0.001948   0.07928        64       640    0.4763    0.5079    0.4373    0.1931   0.04933   0.02823  0.002379
    71/299     3.56G   0.04368   0.03296  0.002011   0.07865        58       640    0.5366    0.3816    0.3383    0.1465   0.05552    0.0297  0.003174
    72/299     3.56G   0.04485   0.03361  0.001862   0.08032        67       640    0.6063    0.4025     0.398    0.1604   0.05044   0.02721  0.002799
    73/299     3.56G   0.04197   0.03252  0.002381   0.07687        82       640     0.468    0.5103     0.446    0.1961   0.04947   0.02779  0.002032
    74/299     3.56G   0.04302    0.0324  0.002525   0.07795        67       640    0.5643    0.4405    0.4403    0.1862   0.04904   0.02896    0.0023
    75/299     3.56G   0.03954   0.03236  0.002595    0.0745        39       640    0.6355    0.3878    0.4404    0.1723   0.04835   0.03106  0.002364
    76/299     3.56G   0.04649   0.03222  0.002231   0.08095        61       640    0.4974    0.3731    0.3769     0.123   0.05325   0.02883  0.002236
    77/299     3.56G   0.04368   0.03017  0.002385   0.07624        45       640    0.4803    0.4466    0.3939    0.1434   0.05197   0.02608  0.002088
    78/299     3.56G   0.04563    0.0313  0.002333   0.07926        85       640    0.3243     0.487    0.3839     0.178   0.05072   0.02733  0.002305
    79/299     3.56G   0.04632   0.03186  0.002191   0.08037        39       640    0.4002    0.5015    0.4089    0.1436   0.05336    0.0256  0.002155
    80/299     3.56G   0.04637   0.03094  0.002658   0.07997        22       640    0.4326    0.4549    0.4221     0.189   0.05184   0.02598  0.001902
    81/299     3.56G   0.04404   0.03212  0.002631   0.07879        48       640    0.6306    0.3664    0.4092    0.1555   0.05351   0.02655  0.002072
    82/299     3.56G   0.04641   0.03429  0.002148   0.08285        43       640    0.6128    0.3228     0.347    0.1274   0.06063   0.02762  0.001882
    83/299     3.56G   0.05492   0.03041  0.003005   0.08834        70       640    0.3555    0.4681    0.3568    0.1101   0.05521    0.0315  0.002024
    84/299     3.56G   0.04773   0.03616  0.002716   0.08661        55       640    0.5576    0.3816    0.3902    0.1491   0.04958   0.02782  0.001893
    85/299     3.56G   0.04275   0.02986   0.00245   0.07506        38       640    0.3923    0.4839    0.3381    0.1477   0.05246   0.02886  0.002536
    86/299     3.56G   0.04922   0.02987  0.002563   0.08166        34       640    0.4291    0.4373    0.3827    0.2018   0.04661   0.02891  0.002163
    87/299     3.56G   0.04297   0.03192  0.002387   0.07727        62       640    0.4127    0.4634    0.3875    0.1472    0.0511   0.02683  0.001745
    88/299     3.56G   0.04852   0.03345  0.002734    0.0847        68       640    0.4667    0.4196    0.4089    0.1768   0.05053   0.02814  0.001835
    89/299     3.56G   0.04293   0.03228  0.002283    0.0775        77       640     0.415    0.4111    0.3703    0.1809    0.0507   0.02744  0.001733
    90/299     3.56G   0.04003   0.02906   0.00171    0.0708        51       640    0.4208     0.513    0.4562    0.1958   0.05046   0.02625  0.001625
    91/299     3.56G   0.04365   0.03169  0.001936   0.07727        75       640    0.4602    0.4901    0.4155    0.2025   0.04924   0.02559  0.001773
    92/299     3.56G   0.04348   0.03348    0.0027   0.07966        52       640    0.4638    0.4648    0.4063    0.1705   0.05623     0.025  0.002408
    93/299     3.56G   0.04131   0.03278  0.002224   0.07632        48       640    0.4286    0.4956    0.4203    0.1933   0.05176   0.02614  0.002395
    94/299     3.56G   0.04215   0.03372  0.001708   0.07757        37       640    0.4982    0.4607    0.4656    0.2249   0.04639   0.02555   0.00213
    95/299     3.56G   0.03986   0.03122  0.001647   0.07272        68       640    0.5198    0.4901    0.4756    0.2318   0.04622   0.02545  0.002194
    96/299     3.56G   0.04122   0.03019  0.002033   0.07344        60       640    0.5756    0.4516    0.4601    0.2351    0.0452   0.02538  0.002114
    97/299     3.56G    0.0381   0.03091  0.001676   0.07069        73       640      0.39    0.4405    0.4078     0.163   0.05257   0.02535  0.002147
    98/299     3.56G    0.0374   0.02891  0.001927   0.06823        24       640     0.456    0.4374    0.4318    0.2316   0.04572   0.02892  0.002687
    99/299     3.56G   0.04083   0.02848  0.001845   0.07116        39       640    0.6716    0.4094    0.4502    0.2072   0.04785   0.02783  0.002464
   100/299     3.56G   0.04232   0.03172  0.002148   0.07618        69       640    0.5669    0.3902    0.4136    0.2094   0.04789   0.02861  0.002451
   101/299     3.56G   0.03649   0.03213   0.00173   0.07035        53       640    0.5263    0.4561    0.4382    0.1979   0.04812   0.02772  0.002451
   102/299     3.56G   0.03578    0.0307  0.001792   0.06827        39       640    0.4594    0.4018    0.3892    0.2097   0.05006    0.0297  0.002668
   103/299     3.56G   0.04082   0.02901  0.001888   0.07171        51       640     0.442    0.4545    0.3906    0.2051   0.05021   0.03092  0.003393
   104/299     3.56G   0.03957   0.03016  0.001455   0.07119        48       640    0.5245    0.4545    0.4488    0.2172   0.04487   0.02923  0.003605
   105/299     3.56G   0.03613   0.02939  0.001473   0.06699        71       640    0.4036    0.4343    0.3878    0.1611    0.0469   0.03051  0.003363
   106/299     3.56G   0.03537   0.03157  0.001486   0.06842        52       640    0.3748    0.4279    0.3644    0.1814   0.04683   0.03018  0.002602
   107/299     3.56G    0.0373   0.03264  0.001333   0.07127        61       640    0.4889     0.408    0.4245    0.2198   0.04685   0.02988  0.002854
   108/299     3.56G   0.03827   0.03109  0.001412   0.07078        46       640    0.5479    0.3507    0.3936    0.1991   0.04716   0.02868  0.002355
   109/299     3.56G   0.03478   0.02799  0.001658   0.06443        81       640    0.3609    0.4143    0.3532    0.1783   0.04781    0.0321  0.002531
   110/299     3.56G   0.03433   0.02797  0.001198   0.06349        42       640    0.4879    0.4166    0.3881    0.1608   0.04784   0.03158  0.002389
   111/299     3.56G   0.03984   0.02895  0.001562   0.07036        64       640    0.3394     0.446    0.3686    0.1457   0.04777   0.03192  0.002811
   112/299     3.56G   0.03651    0.0282  0.001642   0.06635        36       640     0.416    0.4509    0.3941    0.1842   0.04549   0.03191  0.002968
   113/299     3.56G   0.03385    0.0302  0.001246    0.0653        68       640    0.5788    0.4196    0.4623    0.2025   0.04749   0.02893  0.002347
   114/299     3.56G   0.03864   0.03066  0.001359   0.07066        61       640    0.5473    0.4865    0.4625    0.2332   0.04508   0.03036  0.002183
   115/299     3.56G   0.03812   0.02768  0.001567   0.06737        58       640    0.5032    0.4313    0.4269     0.197   0.04611   0.03233  0.002827
   116/299     3.56G   0.03794   0.02994   0.00186   0.06974        41       640    0.4896    0.4132    0.4205    0.2066   0.04642   0.03247  0.003448
   117/299     3.56G   0.03156   0.02711  0.001261   0.05993        49       640    0.5662    0.4661    0.4211    0.2152   0.04643   0.03112  0.003939
   118/299     3.56G   0.03487   0.02943  0.001695   0.06599        55       640    0.5666    0.4745    0.4713    0.2298   0.04534   0.02871  0.003857
   119/299     3.56G    0.0337   0.02816  0.001107   0.06297        72       640    0.7265    0.4135    0.4814    0.2142   0.04528   0.02962  0.003486
   120/299     3.56G   0.03462   0.02899  0.001242   0.06485        33       640     0.696    0.4282    0.4846    0.2289   0.04509   0.02979  0.003482
   121/299     3.56G   0.03162   0.02601  0.001059   0.05869        33       640    0.5705    0.4979    0.4613    0.2013   0.04719   0.02924  0.002835
   122/299     3.56G   0.03419   0.02924 0.0009978   0.06443        55       640    0.6648    0.4576    0.4766    0.2514   0.04526   0.02861  0.002456
   123/299     3.56G   0.03266   0.02656  0.001027   0.06024        39       640    0.5215    0.5098    0.4686    0.2456   0.04426   0.02777  0.002277
   124/299     3.56G   0.03414   0.02902  0.001063   0.06422       108       640    0.4861    0.5795    0.4607    0.2305   0.04455   0.02914  0.002933
   125/299     3.56G   0.03173   0.02671  0.001276   0.05972        66       640    0.5073    0.5103    0.4542     0.217   0.04687   0.02802  0.003062
   126/299     3.56G   0.03272   0.02566  0.001274   0.05965        26       640    0.6004    0.4689    0.4557    0.2249   0.04498   0.03098  0.004523
   127/299     3.56G    0.0316   0.02551  0.001026   0.05813        23       640    0.5513    0.4018    0.4106    0.2082   0.04668   0.03379  0.005085
   128/299     3.56G    0.0346   0.02887  0.001059   0.06452        57       640     0.514    0.4488    0.4095    0.2225   0.04893   0.03093  0.001987
   129/299     3.56G   0.03024   0.02653  0.001028    0.0578        37       640    0.4391    0.4692    0.4245    0.2319   0.04546   0.03149  0.005044
   130/299     3.56G   0.03473    0.0272  0.001255   0.06319        49       640    0.4316    0.4278     0.369    0.1772    0.0528    0.0316  0.004056
   131/299     3.56G   0.03533   0.02774  0.001236   0.06431        76       640    0.5011    0.4313     0.396    0.1814   0.05058   0.03118  0.003344
   132/299     3.56G   0.03713   0.02645  0.001115   0.06469        48       640    0.5531     0.425    0.3876    0.1861   0.04854   0.03305  0.003621
   133/299     3.56G   0.02999   0.02692  0.001427   0.05834        33       640    0.4939    0.4631    0.4216    0.2076   0.04747    0.0323  0.003226
   134/299     3.56G   0.03404   0.02518 0.0009873   0.06021        57       640    0.5576    0.4427    0.4279    0.2264   0.04807   0.03308  0.004203
   135/299     3.56G   0.03551   0.02614 0.0009929   0.06264        55       640    0.6381    0.4215    0.4663    0.2167   0.04797   0.03347  0.004881
   136/299     3.56G   0.03313   0.02816  0.001195   0.06248        53       640    0.5308    0.4514    0.4403    0.2259   0.04654   0.03217  0.004618
   137/299     3.56G   0.02857   0.02744  0.001185    0.0572        32       640    0.5562    0.4166    0.4426    0.2092   0.04609   0.03163  0.004408
   138/299     3.56G   0.02905   0.02581  0.001111   0.05597        46       640    0.5852    0.4049    0.4336    0.2355   0.04653    0.0315  0.004043
   139/299     3.56G   0.02957   0.02742 0.0009435   0.05794        62       640    0.4461    0.4824    0.4484    0.2143    0.0477   0.03058  0.004165
   140/299     3.56G   0.03328   0.02636  0.001052   0.06068        75       640    0.4331    0.5892    0.4595    0.2449   0.04744   0.02881  0.004424
   141/299     3.56G   0.02819   0.02769 0.0008623   0.05674        67       640    0.5362    0.4955    0.4681    0.2271   0.04496   0.02974  0.004983
   142/299     3.56G   0.02763   0.02419 0.0008056   0.05263        31       640    0.4843     0.465    0.4255    0.2127   0.04506   0.03372  0.005147
   143/299     3.56G   0.03291    0.0244 0.0009463   0.05825        28       640    0.4299    0.5274    0.4219     0.209   0.04627   0.03333  0.004796
   144/299     3.56G   0.03133   0.02751  0.001133   0.05997        55       640    0.4482    0.4217    0.4017     0.203   0.04472   0.03462  0.003983
   145/299     3.56G   0.02956   0.02662  0.000979   0.05715        69       640    0.4673    0.4925    0.4167    0.2056   0.04473   0.03554  0.002503
   146/299     3.56G   0.02851   0.02637 0.0008645   0.05575        51       640    0.4758    0.4258      0.42    0.2331   0.04085   0.03441  0.003065
   147/299     3.56G   0.02955   0.02459 0.0009378   0.05507        71       640    0.3977     0.525    0.4042    0.2248   0.04217   0.03419  0.005435
   148/299     3.56G   0.03226   0.02492  0.001051   0.05823        40       640    0.3719    0.4822    0.4003    0.2357   0.04353   0.03425  0.006774
   149/299     3.56G   0.02508   0.02538   0.00093   0.05138        39       640    0.4169    0.4692     0.401     0.209   0.04476   0.03488  0.006465
   150/299     3.56G   0.03078   0.02517 0.0009258   0.05688        30       640    0.5046    0.4661    0.4227     0.229   0.04598   0.03305  0.007196
   151/299     3.56G   0.02699   0.02498 0.0008567   0.05283        31       640    0.6195    0.4894    0.4596    0.2428   0.04458   0.03299  0.006587
   152/299     3.56G   0.02784   0.02267 0.0008649   0.05138        46       640    0.5585    0.5015    0.4585    0.2468   0.04444    0.0319  0.005712
   153/299     3.56G   0.02646   0.02438 0.0009801   0.05183        27       640    0.5484    0.4631    0.4433    0.2341   0.04548   0.03061  0.005676
   154/299     3.56G   0.02854   0.02406 0.0007664   0.05336        33       640    0.5129     0.516    0.4488    0.2508   0.04379   0.03133   0.00555
   155/299     3.56G   0.02836   0.02543 0.0008694   0.05465        66       640    0.5359    0.4925    0.4568    0.2599   0.04447   0.02947  0.005438
   156/299     3.56G   0.03087    0.0248 0.0009216   0.05659        79       640    0.5426    0.5175    0.4477    0.2456   0.04384   0.03135  0.005407
   157/299     3.56G   0.02586   0.02548 0.0009215   0.05226        48       640    0.5325    0.5335    0.4296    0.2272   0.04408      0.03  0.004926
   158/299     3.56G   0.02576   0.02488 0.0008761   0.05152        62       640    0.5552    0.4956    0.4317    0.2473     0.046   0.02994   0.00555
   159/299     3.56G    0.0274   0.02314 0.0006733   0.05121        32       640    0.6094    0.5103    0.4695    0.2466   0.04552   0.03021  0.005566
   160/299     3.56G   0.03139   0.02547  0.000787   0.05765       101       640    0.5896    0.4398    0.4353    0.2469   0.04496   0.03137  0.005316
   161/299     3.56G   0.02727   0.02507  0.000753   0.05309        53       640    0.5405    0.5092    0.4519    0.2327   0.04558   0.03198  0.004365
   162/299     3.56G   0.02845   0.02484 0.0007883   0.05408        50       640    0.5134    0.4723    0.4236    0.2233    0.0445   0.03378  0.005597
   163/299     3.56G   0.03002   0.02372 0.0008922   0.05463        60       640    0.4617    0.5483     0.434    0.2213   0.04467   0.03471  0.006303
   164/299     3.56G   0.03023   0.02599 0.0007746   0.05699        99       640     0.471    0.4692    0.4039    0.2065    0.0458   0.03363  0.006227
   165/299     3.56G   0.02718   0.02346  0.001102   0.05174        66       640    0.4547    0.4843    0.4157    0.2263   0.04507   0.03414  0.006999
   166/299     3.56G   0.02826   0.02346 0.0007745   0.05249        72       640    0.4823    0.4661    0.4275    0.2134   0.04732   0.03356  0.006963
   167/299     3.56G   0.03126   0.02287 0.0008362   0.05497        34       640    0.5147    0.4631    0.4394    0.2206   0.04646   0.03385  0.006627
   168/299     3.56G   0.03034   0.02317 0.0008234   0.05434        90       640    0.4732    0.5157    0.4434    0.2319   0.04633   0.03249  0.005588
   169/299     3.56G   0.02359   0.02326 0.0008175   0.04767        55       640    0.4631    0.5684    0.4517    0.2236   0.04564   0.03349  0.004476
   170/299     3.56G   0.02516   0.02176  0.000875    0.0478        24       640    0.4426    0.5568    0.4491    0.2256   0.04478   0.03436  0.004195
   171/299     3.56G   0.02461   0.02177 0.0007778   0.04716        46       640    0.4436    0.5684    0.4559    0.2281   0.04429   0.03427  0.004287
   172/299     3.56G   0.03096   0.02385 0.0007213   0.05553        67       640    0.5395     0.487    0.4561    0.2276   0.04429   0.03298  0.004118
   173/299     3.56G   0.02529   0.02293 0.0007284   0.04895        74       640    0.5748    0.4954    0.4673    0.2465   0.04502   0.03179  0.003772
   174/299     3.56G   0.02367   0.02325 0.0008977   0.04782        53       640    0.5879    0.5191    0.4856     0.244   0.04587   0.03171  0.004863
   175/299     3.56G   0.02661   0.02331 0.0007515   0.05067        47       640    0.5437    0.5041    0.4537    0.2302   0.04608   0.03354  0.006773
   176/299     3.56G   0.02768    0.0238 0.0006587   0.05213        49       640    0.4917    0.4429    0.4126    0.2147   0.04511   0.03583    0.0092
   177/299     3.56G   0.02587   0.02249 0.0007116   0.04907        56       640    0.4363    0.4569    0.3866    0.2066   0.04442    0.0364   0.01032
   178/299     3.56G   0.02667   0.02386 0.0008084   0.05134        31       640    0.4748    0.4166    0.3746    0.1959   0.04554   0.03599  0.009472
   179/299     3.56G   0.02568   0.02215 0.0006446   0.04847        57       640    0.3852    0.4723    0.3692    0.1873    0.0469     0.035  0.008371
   180/299     3.56G    0.0318   0.02302  0.000648   0.05546       100       640     0.553    0.4311    0.4097    0.2183   0.04557   0.03592   0.00845
   181/299     3.56G   0.02547   0.02142 0.0007376   0.04763        44       640    0.5246    0.4571    0.4243     0.226   0.04438   0.03573   0.00771
   182/299     3.56G   0.02425   0.02332  0.000653   0.04822        50       640    0.4803    0.4981    0.4409    0.2391   0.04453   0.03442   0.00639
   183/299     3.56G   0.02635    0.0232 0.0007112   0.05027        51       640    0.4677    0.4955    0.4365    0.2282    0.0455    0.0347  0.006426
   184/299     3.56G   0.02732   0.02526 0.0006696   0.05325        57       640     0.447    0.5208    0.4273    0.2276   0.04493   0.03498  0.006615
   185/299     3.56G   0.02409    0.0234 0.0006568   0.04815        58       640    0.5225    0.4429    0.4259    0.2457   0.04379   0.03543  0.007025
   186/299     3.56G   0.02674   0.02318  0.000659   0.05058        52       640     0.432    0.5639    0.4278    0.2467   0.04428   0.03544  0.006934
   187/299     3.56G   0.02662   0.02124 0.0007309   0.04859        59       640     0.468    0.4997    0.4175    0.2286   0.04628   0.03469    0.0069
   188/299     3.56G   0.02792   0.02327 0.0007876   0.05198        74       640    0.5264    0.4576    0.4113    0.2315   0.04618   0.03457  0.007774
   189/299     3.56G   0.02334   0.02362 0.0006749   0.04763        51       640    0.4944    0.4925    0.4159    0.2331   0.04495   0.03615  0.008758
   190/299     3.56G   0.02215   0.02083 0.0006227   0.04361        52       640    0.5057    0.5397    0.4246    0.2355   0.04493   0.03553  0.009482
   191/299     3.56G   0.02627   0.02308 0.0006207   0.04998        43       640    0.5002    0.4956    0.4043    0.2298    0.0456   0.03726   0.01025
   192/299     3.56G   0.02849   0.02374 0.0007206   0.05296        68       640    0.5182    0.4839    0.4085     0.236   0.04451   0.03807   0.01081
   193/299     3.56G    0.0223   0.02241  0.000681   0.04539        77       640       0.5    0.5219    0.4231     0.243     0.044   0.03572   0.01025
   194/299     3.56G   0.02304   0.02361 0.0005861   0.04724        29       640    0.5151    0.5335    0.4347     0.246   0.04386   0.03483  0.009924
   195/299     3.56G   0.02372   0.02078  0.000537   0.04503        36       640    0.5121    0.5449    0.4459    0.2442   0.04452   0.03446  0.009872
   196/299     3.56G   0.02485   0.02166 0.0006317   0.04714        45       640    0.5037    0.5568    0.4491    0.2407    0.0449   0.03418  0.009883
   197/299     3.56G   0.02308    0.0211 0.0005856   0.04477        41       640    0.5218      0.53    0.4564    0.2626   0.04375   0.03467   0.00936
   198/299     3.56G   0.02365   0.02256 0.0005692   0.04678        71       640    0.5236    0.5188    0.4466    0.2501   0.04358   0.03432   0.00849
   199/299     3.56G   0.02414   0.02182 0.0005793   0.04654        50       640    0.5076    0.5479    0.4527     0.245   0.04339   0.03379  0.008185
   200/299     3.56G   0.02399   0.02281 0.0005878   0.04739        30       640    0.4739    0.5535    0.4395    0.2434   0.04333   0.03443  0.008313
   201/299     3.56G   0.02304   0.02281 0.0005492    0.0464        56       640    0.5791    0.4925    0.4378    0.2434   0.04404   0.03344  0.008527
   202/299     3.56G   0.02259   0.01986 0.0005365   0.04299        86       640    0.5451    0.5041    0.4173    0.2459    0.0442    0.0335   0.00792
   203/299     3.56G   0.02131   0.02209 0.0005976   0.04399        69       640    0.5444    0.5041     0.414     0.239   0.04454   0.03493  0.007679
   204/299     3.56G   0.02432   0.02192 0.0005952   0.04684        73       640    0.5427    0.4784    0.4162    0.2341   0.04533   0.03628  0.007955
   205/299     3.56G   0.02329   0.02232 0.0005616   0.04618        57       640    0.6653    0.4401    0.4461    0.2299   0.04525   0.03694  0.007717
   206/299     3.56G   0.02426    0.0228 0.0005453    0.0476        70       640    0.6439    0.4925    0.4709    0.2572    0.0438   0.03522  0.006156
   207/299     3.56G   0.02571    0.0207  0.000535   0.04695        30       640    0.5841    0.4925    0.4671    0.2461   0.04427    0.0343  0.006033
   208/299     3.56G   0.02194   0.02081 0.0005989   0.04336        62       640     0.594    0.4959    0.4511    0.2453   0.04418   0.03422   0.00684
   209/299     3.56G   0.02022    0.0223 0.0005663   0.04309        29       640    0.6468    0.4778    0.4579    0.2449   0.04365   0.03422  0.008131
   210/299     3.56G   0.02251   0.01995 0.0005465   0.04301        42       640    0.6536    0.4631     0.457    0.2475   0.04351   0.03424  0.008396
   211/299     3.56G   0.02265   0.02233 0.0005279    0.0455        84       640    0.6668    0.4652    0.4518    0.2425   0.04365   0.03478   0.00916
   212/299     3.56G   0.02204    0.0214 0.0005295   0.04397        37       640    0.5731    0.4956    0.4626     0.258   0.04315    0.0349  0.009372
   213/299     3.56G    0.0206   0.02041 0.0005544   0.04156        61       640    0.6232    0.4808    0.4486    0.2485   0.04355    0.0344  0.008993
   214/299     3.56G   0.02124   0.02019 0.0005579   0.04199        23       640    0.5618    0.4808    0.4274    0.2334   0.04461    0.0352  0.009055
   215/299     3.56G   0.02676   0.02048 0.0005558    0.0478        53       640    0.5273    0.4796    0.4213    0.2275    0.0452   0.03577  0.009105
   216/299     3.56G   0.02659   0.02067 0.0005185   0.04778        66       640    0.4835    0.4692    0.3867    0.2276   0.04444   0.03699  0.009495
   217/299     3.56G   0.02227    0.0208 0.0008617   0.04393        44       640    0.5266    0.4427    0.4019    0.2454   0.04344   0.03597  0.009443
   218/299     3.56G   0.02099   0.01909 0.0005131   0.04059        68       640    0.5903    0.4428    0.4313    0.2645   0.04297   0.03544  0.009319
   219/299     3.56G   0.02134   0.02123 0.0005074   0.04308        43       640    0.5778    0.4786    0.4479    0.2612    0.0434   0.03466  0.008927
   220/299     3.56G   0.02419   0.02063 0.0005411   0.04536        80       640    0.5243    0.4787    0.4216    0.2466   0.04395   0.03473  0.008728
   221/299     3.56G   0.01979   0.02102 0.0005609   0.04137        39       640    0.5457    0.4804    0.4257    0.2522   0.04341   0.03565  0.009321
   222/299     3.56G   0.02127   0.02205 0.0004592   0.04377        53       640    0.5506    0.5097    0.4439    0.2551   0.04349   0.03555  0.009824
   223/299     3.56G   0.02275   0.02214 0.0005902   0.04548       102       640    0.5952    0.4682    0.4521    0.2555   0.04339   0.03451   0.01001
   224/299     3.56G   0.02161   0.01939 0.0004684   0.04146        43       640    0.5884    0.4723    0.4516     0.253   0.04355   0.03312  0.009943
   225/299     3.56G   0.02203    0.0218  0.000487   0.04432        91       640    0.5747    0.4754    0.4413    0.2557   0.04297   0.03251   0.01039
   226/299     3.56G   0.02196   0.02192 0.0004704   0.04435        80       640    0.5409    0.4606    0.4346    0.2492   0.04322   0.03332  0.009913
   227/299     3.56G   0.02286   0.02228 0.0004504   0.04559        43       640    0.5251    0.4545      0.43     0.239   0.04325    0.0345  0.009461
   228/299     3.56G     0.023    0.0199 0.0004793   0.04338        42       640    0.4893    0.4545    0.4228    0.2555   0.04252   0.03583   0.00897
   229/299     3.56G   0.02088   0.02109 0.0004844   0.04246        41       640    0.5037    0.4829    0.4272    0.2491   0.04239   0.03588  0.008299
   230/299     3.56G   0.02131   0.02043 0.0004224   0.04216        44       640    0.4999    0.5237    0.4378    0.2457   0.04267   0.03611  0.007728
   231/299     3.56G   0.02127   0.02005 0.0005073   0.04183        52       640    0.5074    0.4965    0.4289    0.2409   0.04253   0.03577  0.007376
   232/299     3.56G   0.02233   0.01925 0.0004784   0.04205        76       640    0.4876    0.4986    0.4279    0.2361   0.04246   0.03594  0.007352
   233/299     3.56G   0.02047   0.02214 0.0004555   0.04307        67       640    0.5537    0.5096    0.4462    0.2338   0.04265   0.03614  0.007197
   234/299     3.56G   0.02031   0.02015 0.0004959   0.04095        49       640    0.5143    0.4827    0.4242    0.2388   0.04337    0.0356  0.007731
   235/299     3.56G   0.02073   0.01863 0.0004791   0.03984        53       640    0.5427    0.4808    0.4372    0.2408   0.04344   0.03632  0.008208
   236/299     3.56G   0.02222   0.01997 0.0004335   0.04263        53       640    0.5671    0.4956    0.4467    0.2529   0.04265   0.03649  0.008748
   237/299     3.56G   0.01977   0.01938 0.0004614   0.03961        53       640    0.5063    0.5026    0.4351     0.245   0.04276   0.03726  0.008861
   238/299     3.56G   0.01937   0.02025 0.0004828    0.0401        57       640    0.5357    0.4808    0.4258    0.2315   0.04362   0.03855   0.00895
   239/299     3.56G   0.02133   0.02054 0.0004531   0.04232        45       640    0.5127    0.4808    0.4175    0.2219   0.04377   0.03868  0.009057
   240/299     3.56G   0.02308   0.02057 0.0004623   0.04411        43       640    0.4671    0.5017    0.4111    0.2254   0.04372   0.03893  0.009067
   241/299     3.56G   0.02095   0.02093 0.0004367   0.04231        73       640    0.4679    0.4754     0.405    0.2299   0.04281   0.03928  0.008831
   242/299     3.56G   0.01837   0.02044 0.0004861    0.0393        84       640    0.4671    0.4759    0.4052     0.232   0.04218   0.03836  0.008829
   243/299     3.56G   0.02238   0.01935 0.0004345   0.04217        36       640    0.4368     0.501    0.4037    0.2355    0.0421   0.03792  0.008918
   244/299     3.56G   0.02288   0.02193 0.0004089   0.04521        24       640    0.4728    0.4962    0.4125    0.2296   0.04248   0.03818  0.009078
   245/299     3.56G   0.01972   0.01936 0.0004985   0.03958        55       640     0.466    0.4808    0.4058    0.2218   0.04383   0.03941  0.009448
   246/299     3.56G   0.02003   0.02063 0.0004475    0.0411        66       640    0.4949    0.4723    0.4155    0.2336    0.0433   0.03954   0.00949
   247/299     3.56G   0.01729   0.01787  0.000383   0.03554        60       640    0.5531    0.4545    0.4231    0.2366   0.04329   0.03959   0.00952
   248/299     3.56G    0.0197   0.01982 0.0004107   0.03993        59       640    0.4772    0.5218    0.4199    0.2422   0.04323   0.03891  0.009644
   249/299     3.56G   0.01911   0.02011 0.0005257   0.03975        59       640    0.4495    0.5219    0.4188    0.2421    0.0431   0.03905  0.009646
   250/299     3.56G    0.0201   0.01983 0.0004019   0.04033        57       640    0.5041    0.4374    0.4058    0.2348   0.04288   0.03837  0.009308
   251/299     3.56G   0.01834   0.01743 0.0004422   0.03621        21       640    0.4388    0.5101    0.4122     0.236   0.04281   0.03956  0.009485
   252/299     3.56G   0.02029   0.01956 0.0004029   0.04026        44       640     0.465    0.4607    0.3941    0.2279   0.04328   0.03969  0.008799
   253/299     3.56G    0.0214   0.01999 0.0005579   0.04195        51       640    0.5016    0.4721    0.4031    0.2251   0.04335   0.03944  0.008178
   254/299     3.56G   0.01809   0.01968 0.0004029   0.03817        88       640    0.4724    0.4723    0.4069    0.2275   0.04345   0.03907  0.008298
   255/299     3.56G   0.01958   0.01943 0.0003545   0.03937        46       640    0.4615    0.4692    0.4122    0.2306   0.04342   0.03851  0.008446
   256/299     3.56G   0.02036   0.01986 0.0003391   0.04055        71       640    0.4358    0.5103    0.4088    0.2344   0.04354   0.03739  0.008278
   257/299     3.56G   0.01948    0.0196 0.0004644   0.03955        46       640    0.4672    0.4974    0.4218    0.2374   0.04295    0.0365  0.008082
   258/299     3.56G    0.0197   0.02017 0.0003677   0.04024        73       640    0.4952    0.4692    0.4125    0.2442   0.04287   0.03589   0.00749
   259/299     3.56G   0.01765   0.01938 0.0004627    0.0375        54       640    0.5317    0.5084    0.4072    0.2468   0.04281   0.03531  0.007234
   260/299     3.56G   0.02051   0.02012 0.0004093   0.04104        63       640     0.549     0.525    0.4371     0.244   0.04288    0.0351    0.0069
   261/299     3.56G   0.02049   0.02056 0.0003516   0.04141        83       640    0.5604    0.4985     0.436    0.2525   0.04295   0.03587  0.006789
   262/299     3.56G   0.01972   0.01864 0.0004081   0.03877        36       640    0.5682    0.4828    0.4374    0.2487    0.0427   0.03593  0.006662
   263/299     3.56G   0.01793   0.01928 0.0003467   0.03755        65       640    0.6035    0.5044    0.4467    0.2451   0.04256   0.03631  0.007021
   264/299     3.56G   0.01912   0.01765 0.0004074   0.03717        35       640    0.6501    0.4821     0.449    0.2473   0.04247   0.03703  0.007222
   265/299     3.56G   0.01945   0.01926 0.0003587   0.03907        64       640    0.6095    0.4836    0.4436    0.2543   0.04269   0.03707  0.007309
   266/299     3.56G   0.01913   0.01853 0.0004825   0.03815        42       640     0.571    0.4808    0.4319    0.2368   0.04332   0.03811  0.007818
   267/299     3.56G   0.01753   0.01794 0.0003779   0.03585        42       640    0.6033    0.4677    0.4342    0.2397   0.04341   0.03902  0.008185
   268/299     3.56G   0.01865   0.01756 0.0003581   0.03657        35       640    0.4794    0.5366    0.4226     0.238   0.04381   0.03912  0.008308
   269/299     3.56G    0.0199   0.01807 0.0003199   0.03829        54       640     0.481    0.4761     0.417    0.2312   0.04367   0.03958  0.009058
   270/299     3.56G   0.01878   0.01953 0.0003315   0.03864        52       640    0.4509      0.51    0.4096    0.2266   0.04376   0.04014  0.009623
   271/299     3.56G   0.02005    0.0196 0.0002836   0.03992        90       640    0.4514    0.5094    0.4141    0.2325   0.04375   0.03998  0.009941
   272/299     3.56G   0.01928   0.01974 0.0003327   0.03936        46       640    0.4418    0.4956    0.4146    0.2356    0.0435   0.04054   0.01033
   273/299     3.56G   0.01768   0.01777 0.0003821   0.03584        37       640    0.4464    0.5024    0.4094    0.2227   0.04402   0.04045   0.01051
   274/299     3.56G   0.01917   0.01932 0.0003138    0.0388        35       640    0.5065    0.4545    0.4168    0.2373   0.04332   0.03999   0.01044
   275/299     3.56G   0.01943   0.01834 0.0003645   0.03813        33       640    0.4878    0.4692    0.4264    0.2395   0.04279    0.0392   0.01039
   276/299     3.56G   0.01988   0.01745 0.0003864   0.03771        26       640    0.4467    0.5396     0.429    0.2535   0.04262   0.03827  0.009899
   277/299     3.56G   0.01844   0.01839 0.0003139   0.03714        42       640     0.499    0.4955    0.4284    0.2526   0.04193    0.0375  0.009353
   278/299     3.56G   0.01776   0.01787 0.0003697   0.03599        45       640    0.5247    0.4719    0.4341    0.2569   0.04231   0.03799   0.00933
   279/299     3.56G   0.01917   0.01741 0.0003494   0.03693        49       640    0.5716    0.4691    0.4405    0.2535   0.04238   0.03769  0.008901
   280/299     3.56G   0.01871   0.01909 0.0003431   0.03814       102       640    0.5326    0.4956    0.4362    0.2508   0.04275   0.03762  0.008144
   281/299     3.56G   0.01804   0.01981 0.0003318   0.03818        90       640    0.5181    0.5126    0.4358    0.2399   0.04343   0.03719  0.007887
   282/299     3.56G   0.01886   0.01901 0.0003133   0.03819        31       640    0.5034    0.5095    0.4298    0.2535   0.04255   0.03787   0.00822
   283/299     3.56G   0.01763   0.01768 0.0003582   0.03567        42       640    0.5545    0.4313    0.4235    0.2577   0.04213   0.03833  0.008413
   284/299     3.56G   0.01922   0.01959 0.0003269   0.03914        34       640    0.4641    0.5366    0.4304    0.2574   0.04228   0.03817  0.008436
   285/299     3.56G   0.01809   0.01754 0.0003471   0.03597        53       640     0.444    0.5451    0.4327    0.2543   0.04281   0.03857  0.008275
   286/299     3.56G   0.01804   0.01908 0.0003314   0.03744       102       640    0.6243     0.454    0.4391     0.255   0.04264   0.03844  0.008407
   287/299     3.56G    0.0188     0.018 0.0004917   0.03728        51       640    0.5031    0.5185    0.4373    0.2551   0.04243   0.03901  0.008966
   288/299     3.56G    0.0202   0.01796 0.0003138   0.03848        59       640    0.5373    0.4778    0.4466    0.2604   0.04256   0.03884  0.009049
   289/299     3.56G   0.01865   0.01849 0.0003445   0.03749        57       640    0.4978    0.5155    0.4571    0.2663   0.04258   0.03871  0.009123
   290/299     3.56G   0.01747   0.01716 0.0003963   0.03503        38       640    0.5407    0.4585    0.4489    0.2643   0.04267   0.03845  0.008944
   291/299     3.56G   0.01872   0.01892 0.0003332   0.03797        32       640    0.5497    0.4398    0.4236     0.249   0.04306   0.03997  0.009201
   292/299     3.56G   0.01898   0.01879 0.0003428   0.03811        26       640    0.5036    0.4398    0.4145    0.2439   0.04305   0.03973   0.00906
   293/299     3.56G   0.01917   0.01959 0.0003098   0.03907        74       640    0.5211     0.428    0.4039    0.2385   0.04339   0.04028  0.009332
   294/299     3.56G    0.0176   0.01877 0.0003027   0.03667        64       640    0.4872    0.4778    0.4051     0.239   0.04343   0.04112  0.009628
   295/299     3.56G   0.01747   0.01826 0.0003399   0.03607        54       640    0.6029    0.4145    0.4005    0.2356   0.04314   0.04139  0.009666
   296/299     3.56G   0.02018   0.01839 0.0003537   0.03892        44       640     0.488    0.4931    0.4187    0.2467   0.04284    0.0406  0.009668
   297/299     3.56G   0.01888    0.0172 0.0003119   0.03639        28       640    0.5023    0.5016     0.436    0.2594   0.04277   0.03969  0.009891
   298/299     3.56G   0.01655   0.01776 0.0003476   0.03466        17       640    0.5544    0.4508    0.4364    0.2545   0.04299   0.04027   0.01024
   299/299     3.56G    0.0183   0.01803 0.0002942   0.03662        41       640    0.5265     0.425    0.4129    0.2515   0.04289   0.04107   0.01008
