     0/299    0.463G    0.1165   0.05156   0.03981    0.2079        16       640  0.004568    0.1667  0.003479  0.001044     0.112   0.04051   0.04263
     1/299    0.531G    0.1241   0.02903   0.03781    0.1909         8       640    0.1306    0.3333    0.3342    0.0671    0.1099   0.04179   0.04263
     2/299    0.531G    0.1236   0.02893   0.03983    0.1924         6       640    0.1544    0.3333     0.334   0.06702    0.1103   0.04173   0.04254
     3/299    0.531G    0.1226   0.03924   0.04524     0.207        12       640    0.3123    0.3333    0.3338   0.06677    0.1105   0.04171    0.0424
     4/299    0.531G    0.1118   0.05634   0.04412    0.2123        18       640    0.1634    0.3333    0.3337   0.06674    0.1106   0.04167   0.04241
     5/299    0.531G     0.112   0.04552   0.04068    0.1982        13       640    0.3197    0.3333    0.3317   0.06634    0.1107   0.04165   0.04239
     6/299    0.531G    0.1224   0.04651   0.04384    0.2128        15       640    0.2329    0.3333    0.3317   0.06634    0.1109   0.04165   0.04237
     7/299    0.531G    0.1183   0.06237   0.04094    0.2216        22       640    0.2207    0.3333    0.3317   0.03317    0.1112   0.04161   0.04234
     8/299    0.531G     0.108   0.04065    0.0372    0.1858        11       640    0.3117    0.3333    0.3317   0.03317     0.111   0.04171   0.04233
     9/299    0.531G    0.1248   0.03387   0.04533    0.2041        10       640      0.27    0.3333    0.3317   0.03317    0.1109   0.04181   0.04238
    10/299    0.531G     0.123   0.03576   0.04321     0.202        13       640    0.2335    0.3333    0.3317   0.03317     0.111   0.04183   0.04248
    11/299    0.531G    0.1142    0.0836   0.04165    0.2394        32       640  0.009744    0.3333    0.0151   0.00151    0.1112   0.04188   0.04244
    12/299    0.531G    0.1232   0.03648   0.04527    0.2049         9       640    0.0151    0.3333   0.01582  0.001582    0.1108   0.04202   0.04255
    13/299    0.531G   0.08362   0.02867   0.02533    0.1376         7       640   0.01533    0.3333   0.01661  0.001661    0.1104   0.04217   0.04263
    14/299    0.531G    0.1105   0.04158   0.04278    0.1949        11       640   0.01469    0.3333   0.01662  0.001662    0.1101   0.04229   0.04275
    15/299    0.531G    0.1127   0.05905   0.04256    0.2143        18       640   0.01364    0.3333   0.01749  0.001749    0.1098   0.04241   0.04295
    16/299    0.533G     0.117   0.05202   0.04263    0.2117        19       640   0.01386    0.3333   0.02372  0.002372      0.11   0.04235   0.04313
    17/299    0.533G    0.1158   0.04633   0.03939    0.2016        13       640   0.01239    0.3333   0.02372  0.002372    0.1098   0.04238   0.04326
    18/299    0.533G    0.1155   0.05126   0.04204    0.2088        16       640   0.02862    0.3148   0.03018  0.003018    0.1097   0.04248   0.04338
    19/299    0.533G    0.1194   0.06411   0.04016    0.2237        25       640      0.03    0.3333   0.03018  0.003018    0.1098   0.04241   0.04355
    20/299    0.533G     0.114   0.06905    0.0423    0.2253        22       640   0.02842    0.3333   0.03018  0.003018    0.1097   0.04247   0.04368
    21/299    0.533G    0.1197   0.03325   0.04093    0.1939         8       640   0.02439    0.3333    0.0332   0.00332    0.1097   0.04236   0.04385
    22/299    0.533G    0.1164   0.04096      0.04    0.1974        12       640   0.02636    0.3333   0.04149  0.004149    0.1097   0.04232   0.04421
    23/299    0.533G     0.114   0.03886   0.03999    0.1928        11       640   0.02475    0.3333   0.04149  0.004149    0.1097    0.0423   0.04453
    24/299    0.533G    0.1225   0.05486    0.0401    0.2174        17       640   0.02618    0.3333   0.04149  0.004149    0.1099   0.04217   0.04466
    25/299    0.533G    0.1121   0.06425   0.04421    0.2205        23       640   0.02512    0.3333   0.04149  0.004149    0.1101   0.04207   0.04493
    26/299    0.533G   0.07214   0.03482   0.02771    0.1347         8       640   0.02257    0.3333   0.04149  0.004149    0.1103    0.0419   0.04504
    27/299    0.533G    0.1178   0.07947   0.04387    0.2411        29       640   0.02074    0.3333    0.0553   0.00553    0.1104   0.04184   0.04519
    28/299    0.533G    0.1171   0.04382   0.03936    0.2002        12       640   0.04069    0.3333   0.04741  0.004741    0.1107   0.04168   0.04535
    29/299    0.533G    0.1189   0.04718   0.03445    0.2005        15       640   0.04018    0.3333   0.04741  0.004741    0.1108   0.04161   0.04553
    30/299    0.533G    0.1101   0.05783   0.03932    0.2073        19       640   0.03314    0.3333   0.04149  0.004149     0.111   0.04145   0.04545
    31/299    0.533G    0.1135   0.05005   0.04387    0.2074        16       640   0.03468    0.3333   0.04149  0.004149    0.1112   0.04134   0.04554
    32/299    0.533G    0.1174   0.03617   0.03532    0.1888         9       640   0.03484    0.3333   0.04741  0.004741    0.1115   0.04114   0.04561
    33/299    0.533G    0.1122    0.0387   0.04042    0.1914        11       640   0.04253    0.3333   0.04741  0.004741    0.1118   0.04098   0.04582
    34/299    0.533G    0.1171   0.04783   0.04269    0.2076        19       640    0.0418    0.3333   0.04741  0.004741    0.1121   0.04089   0.04592
    35/299    0.533G   0.07623   0.03303   0.02714    0.1364         9       640   0.04067    0.3333   0.04741  0.004741    0.1121   0.04084   0.04587
    36/299    0.533G    0.1152   0.05861   0.03969    0.2135        20       640   0.03667    0.3333   0.04741  0.004741    0.1122   0.04075   0.04583
    37/299    0.533G     0.113    0.0558   0.03757    0.2064        18       640   0.03574    0.3333   0.05531  0.005531    0.1122   0.04067   0.04582
    38/299    0.533G     0.111   0.05867    0.0393    0.2089        17       640   0.04631    0.3333   0.06636  0.006636    0.1123   0.04055   0.04576
    39/299    0.533G    0.1083   0.05281   0.04181    0.2029        15       640   0.04521    0.3333   0.04741  0.004741    0.1125   0.04043   0.04578
    40/299    0.533G   0.07499   0.03803   0.02562    0.1386        10       640   0.09479    0.3333    0.1123   0.02229    0.1126   0.04037   0.04572
    41/299    0.533G    0.1098   0.05411   0.04087    0.2047        15       640   0.09475    0.3333    0.1124    0.0223    0.1127   0.04023   0.04561
    42/299    0.533G   0.06929   0.03318    0.0277    0.1302         7       640   0.07971    0.3333    0.1124   0.02229    0.1129   0.04003   0.04554
    43/299    0.533G    0.1137   0.05826   0.04277    0.2147        22       640   0.07708    0.3333   0.08468   0.01676    0.1129   0.04009   0.04556
    44/299    0.533G    0.1146   0.04335   0.04315    0.2011        14       640   0.07701    0.3333   0.08295   0.01659     0.113   0.03998   0.04546
    45/299    0.533G    0.1109   0.07256   0.04095    0.2244        25       640   0.07617    0.3333   0.08295   0.01659    0.1128   0.03998   0.04549
    46/299    0.533G    0.1095   0.06236   0.03901    0.2109        20       640   0.07758    0.3333   0.08295   0.01659    0.1128   0.03997   0.04559
    47/299    0.533G   0.07769   0.03569    0.0254    0.1388        11       640   0.07969    0.3333   0.08295   0.01659     0.113   0.03983   0.04544
    48/299    0.533G    0.1023    0.0331   0.04258    0.1779         8       640     0.107    0.3209    0.1106   0.03318     0.113   0.03976    0.0453
    49/299    0.533G    0.1095   0.04735   0.04218     0.199        14       640   0.06778    0.3333   0.08295   0.02488     0.113   0.03974   0.04514
    50/299    0.533G   0.06702   0.02865   0.02519    0.1209         6       640   0.08618    0.2585    0.1106   0.03318     0.113   0.03968   0.04496
    51/299    0.533G   0.09393   0.03866   0.03455    0.1671         9       640    0.1011    0.3333    0.1106   0.02212     0.114   0.03886   0.04517
    52/299    0.533G    0.1049   0.05232   0.04108    0.1983        14       640    0.1581    0.3333    0.1659   0.03317    0.1145    0.0385   0.04536
    53/299    0.533G    0.1062   0.05632   0.03922    0.2017        16       640   0.07714    0.3333   0.08295   0.01659    0.1151   0.03808   0.04577
    54/299    0.533G    0.1066   0.09217   0.04155    0.2403        30       640    0.0163    0.3333   0.01954  0.001954    0.1148   0.03805   0.04633
    55/299    0.533G    0.1081   0.04749   0.04183    0.1974        14       640         0         0         0         0    0.1137   0.03836   0.04623
    56/299    0.533G    0.1037   0.04696   0.03739    0.1881        12       640  0.003172    0.1667  0.001821 0.0001821    0.1126   0.03887   0.04603
    57/299    0.533G    0.1011   0.03456   0.04077    0.1765        10       640         0         0         0         0    0.1121   0.03923   0.04578
    58/299    0.533G    0.1058    0.0582    0.0425    0.2065        17       640         0         0         0         0    0.1116   0.03945   0.04574
    59/299    0.533G     0.101   0.04089    0.0366    0.1785        10       640         0         0         0         0    0.1109   0.03964   0.04573
    60/299    0.533G   0.07293   0.04616   0.02763    0.1467        14       640  0.008695    0.1667  0.006143 0.0006143    0.1111   0.03956   0.04572
    61/299    0.533G    0.1116   0.05819   0.04128    0.2111        18       640   0.01339    0.1667  0.006906 0.0006906    0.1111   0.03938   0.04562
    62/299    0.533G   0.06963   0.03345   0.02822    0.1313         8       640   0.01275    0.1667   0.00828  0.000828    0.1108   0.03949   0.04568
    63/299    0.533G    0.1081   0.02694   0.04184    0.1768         7       640  0.009658    0.1667   0.00614  0.000614    0.1114   0.03936   0.04536
    64/299    0.533G   0.06781   0.03281   0.02711    0.1277         6       640         0         0         0         0    0.1118   0.03918   0.04537
    65/299    0.533G   0.08756   0.04045   0.03994    0.1679         9       640   0.01119    0.1667  0.006903 0.0006903    0.1116   0.03929   0.04491
    66/299    0.533G    0.1035   0.03038   0.03833    0.1722         6       640  0.003937    0.1667  0.002228  0.001114    0.1143   0.03745   0.04589
    67/299    0.533G    0.1097   0.05283   0.04103    0.2035        15       640  0.007275       0.5  0.006644  0.003121     0.114   0.03749   0.04592
    68/299    0.533G    0.1049   0.03676   0.04122    0.1829        10       640  0.007362       0.5  0.007964  0.002245    0.1145   0.03728   0.04575
    69/299    0.533G    0.1022   0.07505   0.03946    0.2167        21       640    0.0099    0.6667   0.01198  0.002656    0.1141   0.03743   0.04563
    70/299    0.533G    0.1011   0.06825   0.03762    0.2069        20       640   0.01558       0.5   0.01981  0.001981    0.1143   0.03747   0.04545
    71/299    0.533G   0.09077   0.05191   0.03811    0.1808        13       640  0.007006       0.5  0.008046  0.002342    0.1138   0.03768   0.04528
    72/299    0.533G    0.1051   0.06212   0.03948    0.2067        19       640  0.009769    0.6667   0.01141  0.003079     0.113     0.038   0.04535
    73/299    0.533G   0.09291   0.08388   0.03681    0.2136        23       640   0.01907     0.286   0.02755  0.003297    0.1131   0.03807   0.04522
    74/299    0.533G   0.08892   0.03836   0.04183    0.1691         9       640   0.01522       0.5   0.02236  0.002724    0.1138   0.03762   0.04531
    75/299    0.533G    0.1047   0.03885   0.04086    0.1844        10       640    0.3892    0.1667   0.06069  0.009372    0.1164   0.03687   0.04485
    76/299    0.533G    0.1039   0.05605   0.03783    0.1978        15       640    0.3956    0.1245   0.06681   0.01494    0.1166   0.03676   0.04493
    77/299    0.533G   0.06232   0.03991   0.02514    0.1274        10       640    0.3815    0.1667   0.04966   0.01047    0.1169   0.03672     0.045
    78/299    0.533G    0.1031   0.05597   0.03908    0.1981        17       640    0.3924    0.1667   0.06069   0.01267    0.1161   0.03695   0.04493
    79/299    0.533G   0.09007   0.04311   0.03165    0.1648        11       640   0.04388    0.1667    0.0632   0.01293    0.1147    0.0375   0.04465
    80/299    0.533G    0.0629   0.04557   0.02514    0.1336        11       640   0.02723       0.5   0.04199  0.006561    0.1136   0.03809   0.04467
    81/299    0.533G   0.05838   0.04392   0.02377    0.1261        10       640   0.02798       0.5   0.03466  0.004363    0.1127   0.03858   0.04482
    82/299    0.533G   0.05896   0.04847   0.02512    0.1326        11       640   0.02731       0.5   0.05256  0.005908    0.1112   0.03911   0.04504
    83/299    0.533G   0.06034   0.03569    0.0256    0.1216         9       640   0.02796       0.5   0.04963  0.006003    0.1108   0.03922   0.04511
    84/299    0.533G    0.1044   0.04376   0.03817    0.1864        13       640   0.04984    0.1667   0.06473  0.007398    0.1103   0.03918    0.0451
    85/299    0.533G   0.09743   0.03416    0.0352    0.1668         9       640    0.4216    0.1667   0.06008  0.007018    0.1098   0.03929   0.04562
    86/299    0.533G    0.1034   0.06449   0.04047    0.2084        18       640    0.4431    0.1647    0.0604  0.007115    0.1103   0.03884   0.04592
    87/299    0.533G    0.1086   0.06519   0.03632    0.2101        22       640    0.3956    0.1667   0.03823  0.004865    0.1109   0.03854   0.04626
    88/299    0.533G    0.1028   0.07354   0.04013    0.2165        21       640   0.03741    0.1122   0.06093   0.00638    0.1111   0.03839   0.04644
    89/299    0.533G    0.0857   0.03709   0.03793    0.1607         9       640   0.02326    0.1667   0.04326  0.005351    0.1116   0.03816   0.04651
    90/299    0.533G   0.08918   0.03147   0.03875    0.1594         7       640   0.01707    0.6667   0.02231  0.003249    0.1111   0.03824   0.04648
    91/299    0.533G    0.1032   0.05346   0.03896    0.1957        18       640   0.01717    0.1667   0.01786  0.003001    0.1108   0.03824   0.04646
    92/299    0.533G    0.1107   0.05046   0.03868    0.1999        16       640   0.03181    0.3333   0.03998  0.005653    0.1115   0.03775    0.0465
    93/299    0.533G   0.09655   0.06941   0.03873    0.2047        19       640   0.03014    0.3333   0.03904  0.004877    0.1126   0.03691   0.04653
    94/299    0.533G   0.09449   0.05776   0.03692    0.1892        15       640   0.02962    0.1667   0.02891  0.004271    0.1123   0.03712    0.0464
    95/299    0.533G    0.1012   0.06082   0.03939    0.2014        16       640   0.03128    0.1667   0.02911   0.00398    0.1129   0.03661   0.04639
    96/299    0.533G   0.07672   0.04644   0.03178    0.1549        12       640   0.04159    0.1667   0.03317  0.004164    0.1119   0.03736   0.04643
    97/299    0.533G    0.1112   0.04436   0.03796    0.1936        14       640   0.04572    0.1667   0.03359  0.004266    0.1119   0.03722   0.04631
    98/299    0.533G   0.09389   0.05596   0.03943    0.1893        16       640   0.06454    0.1613   0.03887  0.004763    0.1116   0.03739   0.04616
    99/299    0.533G    0.1024   0.08135   0.03789    0.2216        25       640    0.0631    0.1667   0.03898  0.004789    0.1114   0.03732   0.04615
   100/299    0.533G   0.08903   0.05896   0.03722    0.1852        14       640   0.06496    0.1667   0.03714  0.004332    0.1117   0.03728   0.04603
   101/299    0.533G   0.09933   0.08541   0.03495    0.2197        28       640   0.06595    0.1667   0.04643  0.004851    0.1116   0.03733   0.04604
   102/299    0.533G     0.101   0.07151   0.03712    0.2096        21       640   0.06693    0.1339   0.05346  0.006342    0.1119    0.0373   0.04591
   103/299    0.533G     0.102   0.04219    0.0356    0.1798        11       640   0.06361     0.159   0.04458  0.006035    0.1114   0.03741   0.04568
   104/299    0.533G   0.08681   0.03521   0.03709    0.1591         8       640   0.03029    0.1667   0.02187  0.002187    0.1107   0.03767     0.046
   105/299    0.533G    0.1034   0.04949   0.03836    0.1912        14       640   0.02937    0.1667   0.01833  0.001833    0.1107   0.03759   0.04605
   106/299    0.533G   0.06048   0.03914   0.02398    0.1236         9       640   0.00551    0.3333  0.006345 0.0006345    0.1108   0.03759   0.04628
   107/299    0.533G   0.08151   0.04639   0.03309     0.161        11       640  0.005556    0.3333  0.006227 0.0006227    0.1111   0.03745   0.04642
   108/299    0.533G    0.0957   0.07343   0.03724    0.2064        21       640  0.005602    0.3333  0.006901 0.0006901    0.1109   0.03757   0.04636
   109/299    0.533G     0.104   0.07536   0.04009    0.2195        23       640         0         0         0         0    0.1103   0.03768   0.04634
   110/299    0.533G    0.1091   0.04592   0.04362    0.1987        12       640         0         0         0         0    0.1102   0.03778    0.0463
   111/299    0.533G    0.1044   0.06901   0.03554     0.209        21       640         0         0         0         0    0.1097   0.03796   0.04625
   112/299    0.533G   0.08598   0.04408   0.03445    0.1645        12       640         0         0         0         0    0.1094   0.03833   0.04583
   113/299    0.533G   0.09039   0.09633   0.03487    0.2216        28       640   0.01244    0.1667  0.007204 0.0007204    0.1093    0.0383   0.04556
   114/299    0.533G   0.09483    0.0459   0.03586    0.1766        12       640  0.006609    0.3333  0.007012 0.0008778    0.1083   0.03872    0.0454
   115/299    0.533G   0.09123   0.07484   0.03215    0.1982        18       640  0.007078    0.3333  0.008646  0.001299    0.1083   0.03867   0.04549
   116/299    0.533G    0.0565   0.03218   0.02338    0.1121         7       640   0.01899    0.6667   0.02154  0.002783    0.1089   0.03828   0.04541
   117/299    0.533G    0.1043   0.07861   0.03522    0.2181        24       640   0.01431       0.5   0.01726  0.002379    0.1092   0.03809   0.04535
   118/299    0.533G    0.1017   0.06325   0.03683    0.2018        16       640   0.05772    0.3333   0.08999  0.009707    0.1091   0.03799    0.0453
   119/299    0.533G    0.1017   0.04338   0.03241    0.1775        10       640   0.05866    0.3333   0.07345  0.008085    0.1094   0.03767   0.04531
   120/299    0.533G    0.0854    0.0459   0.03257    0.1639        12       640     0.052    0.3333   0.08672  0.009805     0.109   0.03767   0.04535
   121/299    0.533G   0.09691   0.03712   0.03668    0.1707        10       640    0.1462    0.2925    0.1693   0.01794    0.1083   0.03798   0.04549
   122/299    0.533G    0.0911   0.07766   0.03652    0.2053        20       640    0.1016    0.3333    0.1138    0.0234    0.1079   0.03813   0.04557
   123/299    0.533G   0.05614   0.03204   0.02341    0.1116         7       640    0.1073    0.3333    0.1136   0.02331    0.1081   0.03797   0.04553
   124/299    0.533G   0.07946   0.07026   0.03258    0.1823        17       640    0.1629    0.3257    0.1685   0.03421    0.1078   0.03798   0.04556
   125/299    0.533G    0.0861   0.03548   0.03862    0.1602         9       640    0.1529    0.3333    0.1686   0.03428    0.1073   0.03803   0.04555
   126/299    0.533G   0.05636   0.04279   0.02225    0.1214         9       640    0.1483    0.3333    0.1685   0.03425    0.1078   0.03782   0.04553
   127/299    0.533G   0.08523   0.03681   0.03616    0.1582         8       640    0.1061    0.3333    0.1165   0.02381    0.1085   0.03769    0.0452
   128/299    0.533G    0.0913    0.1241   0.03598    0.2514        33       640   0.09803    0.3333    0.1164    0.0239    0.1082   0.03779   0.04517
   129/299    0.533G     0.057   0.03679   0.02249    0.1163         9       640   0.09946    0.3333    0.1164   0.02388    0.1082   0.03784   0.04545
   130/299    0.533G    0.0596   0.05416   0.02336    0.1371        13       640    0.1099    0.3333    0.1162   0.02466    0.1077   0.03808   0.04566
   131/299    0.533G    0.1045   0.05887   0.03663       0.2        18       640    0.1065    0.3333    0.1165   0.01374    0.1074   0.03811   0.04556
   132/299    0.533G   0.09817    0.0995   0.03507    0.2327        31       640    0.1097    0.3333    0.1163   0.01268    0.1071   0.03792   0.04552
   133/299    0.533G   0.09004   0.06249   0.03358    0.1861        14       640     0.104    0.3119    0.1162   0.01235    0.1073   0.03779   0.04544
   134/299    0.533G   0.08097   0.03887   0.03419     0.154         8       640   0.09394    0.3333    0.1106   0.01106    0.1065   0.03819    0.0456
   135/299    0.533G   0.08992   0.06117   0.03519    0.1863        17       640   0.03099    0.3333   0.05297   0.01659    0.1061   0.03822   0.04556
   136/299    0.533G   0.09472   0.03175   0.03788    0.1644         9       640   0.02888    0.3333   0.04892   0.01497    0.1063   0.03818   0.04548
   137/299    0.533G   0.05568   0.06057   0.02283    0.1391        16       640   0.04341       0.5   0.04815   0.01113    0.1074   0.03777   0.04549
   138/299    0.533G   0.09666    0.0546    0.0308    0.1821        14       640  0.006035    0.3333  0.007158  0.003043    0.1087   0.03747   0.04572
   139/299    0.533G    0.1046   0.04549   0.03664    0.1867        13       640  0.007375    0.3333  0.007478  0.003179     0.108   0.03761   0.04562
   140/299    0.533G   0.09374   0.07791   0.03395    0.2056        21       640  0.009266    0.3333   0.01023  0.001792    0.1076   0.03764   0.04556
   141/299    0.533G   0.09318   0.02985   0.02894     0.152         8       640   0.02918    0.6667   0.04551  0.009718    0.1065    0.0381   0.04536
   142/299    0.533G   0.08671   0.06361   0.03328    0.1836        17       640    0.0138    0.3333   0.02078   0.00485    0.1073   0.03761   0.04542
   143/299    0.533G   0.05555   0.03485   0.02285    0.1133         9       640    0.0134    0.3333   0.01414  0.003536    0.1079   0.03743   0.04557
   144/299    0.533G   0.08553   0.04015    0.0282    0.1539         9       640    0.0803    0.4574   0.09077   0.01104    0.1068   0.03812   0.04531
   145/299    0.533G   0.08029   0.05874   0.02979    0.1688        14       640   0.09807    0.3333    0.1185   0.02527    0.1069   0.03837   0.04506
   146/299    0.533G   0.09061   0.05657   0.03378     0.181        16       640    0.1528    0.3333    0.1701   0.03445    0.1072   0.03845   0.04457
   147/299    0.533G   0.09763   0.05666   0.03543    0.1897        17       640    0.0848    0.3333    0.1732   0.03538     0.107   0.03835   0.04412
   148/299    0.533G   0.08458   0.06595   0.03215    0.1827        17       640    0.1308    0.3333    0.1742   0.03587    0.1076   0.03823   0.04406
   149/299    0.533G   0.08789   0.05774   0.03378    0.1794        14       640    0.1474    0.3333    0.1754   0.03626    0.1078   0.03824   0.04403
   150/299    0.533G   0.09025   0.06674   0.03387    0.1909        19       640    0.1532    0.3333    0.1769   0.03705    0.1081    0.0381   0.04396
   151/299    0.533G    0.0974   0.06801   0.03091    0.1963        18       640    0.1545    0.3333    0.1777   0.03644     0.108   0.03809   0.04389
   152/299    0.533G   0.09034   0.04422   0.03381    0.1684        12       640     0.161    0.3333      0.18   0.03706     0.108   0.03811   0.04395
   153/299    0.533G   0.09718   0.03031   0.03568    0.1632         7       640     0.163    0.3333    0.1782   0.03748    0.1077   0.03832   0.04413
   154/299    0.533G   0.09577   0.04608   0.03331    0.1752        13       640    0.1652    0.3333    0.1786   0.03764    0.1075    0.0383   0.04408
   155/299    0.533G   0.07477   0.04747   0.03097    0.1532        10       640    0.1338    0.3333      0.18   0.03812    0.1077   0.03814   0.04397
   156/299    0.533G   0.09458   0.03411   0.03365    0.1623         8       640     0.138    0.3333    0.1813   0.03827    0.1074   0.03798   0.04363
   157/299    0.533G   0.08926   0.07777   0.03282    0.1999        20       640    0.1456    0.3333      0.18   0.03812    0.1075   0.03798   0.04377
   158/299    0.533G   0.09129   0.04976   0.03261    0.1737        13       640    0.1447    0.3333    0.1794    0.0545    0.1076   0.03788   0.04386
   159/299    0.533G    0.1081   0.02952   0.03307    0.1707        11       640    0.1445    0.3333    0.1782   0.03748    0.1078   0.03766   0.04404
   160/299    0.533G   0.08407   0.08098   0.03278    0.1978        23       640    0.1247    0.3333    0.1775   0.05384    0.1077   0.03771   0.04407
   161/299    0.533G   0.09162   0.07288   0.03272    0.1972        19       640    0.1105    0.3333    0.1155   0.02446    0.1079   0.03757   0.04429
   162/299    0.533G   0.08043   0.05405   0.03208    0.1666        11       640    0.0699       0.5    0.1187   0.02493    0.1085   0.03746   0.04465
   163/299    0.533G   0.08341   0.07708   0.03312    0.1936        21       640   0.06714       0.5   0.09015   0.01962    0.1088   0.03726   0.04506
   164/299    0.533G   0.09398   0.07956    0.0332    0.2067        22       640   0.07108    0.3333   0.08854   0.01083    0.1086   0.03713   0.04528
   165/299    0.533G   0.09139   0.06566   0.03125    0.1883        16       640    0.0702    0.3333    0.1163   0.01368    0.1088   0.03703   0.04527
   166/299    0.533G   0.08281   0.06749   0.03268     0.183        16       640    0.1593    0.3185    0.1715    0.0192    0.1088   0.03691   0.04528
   167/299    0.533G   0.08713   0.06477   0.03441    0.1863        16       640    0.1593    0.3185    0.1715    0.0192    0.1088   0.03691   0.04528
   168/299    0.533G   0.09373   0.02951   0.03314    0.1564         9       640   0.05419    0.3333   0.08941   0.01123    0.1082   0.03712   0.04509
   169/299    0.533G   0.08871   0.07918   0.03289    0.2008        20       640   0.05419    0.3333   0.08941   0.01123    0.1082   0.03712   0.04509
   170/299    0.533G   0.08257    0.1282   0.03191    0.2427        33       640   0.05452    0.3333     0.089   0.01117    0.1074   0.03707   0.04527
   171/299    0.533G   0.08422   0.09834   0.03254    0.2151        24       640   0.05452    0.3333     0.089   0.01117    0.1074   0.03707   0.04527
   172/299    0.533G   0.07441   0.03298   0.03393    0.1413         8       640   0.07079    0.3333   0.08804   0.01033    0.1073   0.03735   0.04504
   173/299    0.533G   0.09393   0.06988   0.03252    0.1963        18       640   0.07079    0.3333   0.08804   0.01033    0.1073   0.03735   0.04504
   174/299    0.533G   0.07406    0.0504   0.03083    0.1553        13       640   0.06794    0.3333   0.08828   0.01043    0.1071   0.03691   0.04516
   175/299    0.533G   0.05552   0.04726   0.02171    0.1245        11       640   0.06794    0.3333   0.08828   0.01043    0.1071   0.03691   0.04516
   176/299    0.533G    0.0913   0.08241   0.03251    0.2062        24       640   0.06852    0.2741   0.08828   0.01043    0.1069    0.0368   0.04534
   177/299    0.533G   0.07611   0.06276   0.03283    0.1717        13       640   0.06852    0.2741   0.08828   0.01043    0.1069    0.0368   0.04534
   178/299    0.533G   0.08846   0.06009   0.03064    0.1792        15       640   0.06008    0.3333   0.07165   0.01539    0.1065    0.0369   0.04516
   179/299    0.533G    0.0929   0.04038    0.0327     0.166        11       640   0.06008    0.3333   0.07165   0.01539    0.1065    0.0369   0.04516
   180/299    0.533G   0.07479   0.04681   0.03265    0.1543        12       640   0.06491    0.2597     0.089   0.01856    0.1057   0.03694    0.0448
   181/299    0.533G   0.09909   0.04442   0.03548     0.179        13       640   0.06491    0.2597     0.089   0.01856    0.1057   0.03694    0.0448
   182/299    0.533G   0.08268   0.06969   0.03663     0.189        16       640   0.07959    0.3184   0.09018   0.01894    0.1053   0.03701   0.04447
   183/299    0.533G   0.07301   0.03785   0.03182    0.1427         9       640   0.07959    0.3184   0.09018   0.01894    0.1053   0.03701   0.04447
   184/299    0.533G   0.09978   0.04196   0.03092    0.1727        12       640   0.05852     0.365   0.07438   0.01588     0.105   0.03701    0.0442
   185/299    0.533G   0.08694   0.04623   0.03073    0.1639        12       640   0.05852     0.365   0.07438   0.01588     0.105   0.03701    0.0442
   186/299    0.533G   0.08051   0.04957   0.02896     0.159        11       640   0.05672       0.5   0.09362   0.01872    0.1051   0.03716   0.04379
   187/299    0.533G   0.08944   0.05365   0.03037    0.1735        12       640   0.05672       0.5   0.09362   0.01872    0.1051   0.03716   0.04379
   188/299    0.533G   0.08924    0.0476   0.03049    0.1673        13       640   0.05497    0.6667   0.06042   0.01682    0.1053   0.03705   0.04345
   189/299    0.533G   0.08492   0.09051   0.03205    0.2075        25       640   0.05497    0.6667   0.06042   0.01682    0.1053   0.03705   0.04345
   190/299    0.533G   0.08447   0.05943   0.03263    0.1765        17       640   0.06401    0.6667   0.07228   0.01276    0.1041    0.0374   0.04303
   191/299    0.533G   0.08215   0.03431    0.0318    0.1483         8       640   0.06401    0.6667   0.07228   0.01276    0.1041    0.0374   0.04303
   192/299    0.533G   0.08772   0.05706   0.03228    0.1771        14       640   0.05197    0.6667   0.06859  0.008854    0.1045   0.03741   0.04264
   193/299    0.533G   0.08329   0.04968   0.03428    0.1672        13       640   0.05197    0.6667   0.06859  0.008854    0.1045   0.03741   0.04264
   194/299    0.533G   0.08968   0.05082   0.03157    0.1721        12       640   0.05344    0.6667   0.05593  0.009564    0.1043    0.0374   0.04227
   195/299    0.533G   0.09002   0.05647   0.03366    0.1802        14       640   0.05344    0.6667   0.05593  0.009564    0.1043    0.0374   0.04227
   196/299    0.533G   0.08234   0.05629   0.02652    0.1651        13       640   0.04166    0.6667    0.0573  0.009289    0.1042   0.03745   0.04201
   197/299    0.533G   0.09457   0.05723   0.03516    0.1869        15       640   0.04166    0.6667    0.0573  0.009289    0.1042   0.03745   0.04201
   198/299    0.533G   0.08476   0.06623    0.0322    0.1832        17       640   0.04586    0.6667   0.06806   0.01133    0.1041   0.03746   0.04187
   199/299    0.533G   0.09205   0.06212   0.03525    0.1894        17       640   0.04586    0.6667   0.06806   0.01133    0.1041   0.03746   0.04187
   200/299    0.533G   0.07465   0.03252   0.03351    0.1407         8       640   0.03493    0.6134   0.05116  0.009402    0.1042   0.03732   0.04158
   201/299    0.533G    0.0913    0.0585   0.03386    0.1837        16       640   0.03493    0.6134   0.05116  0.009402    0.1042   0.03732   0.04158
   202/299    0.533G   0.08582    0.0832   0.03288    0.2019        21       640   0.02071    0.1667    0.0186  0.006335    0.1041   0.03738   0.04146
   203/299    0.533G   0.09197   0.06064   0.03257    0.1852        19       640   0.02071    0.1667    0.0186  0.006335    0.1041   0.03738   0.04146
   204/299    0.533G   0.09334   0.07715   0.03459    0.2051        21       640   0.01708    0.1667   0.02014  0.007287    0.1037   0.03732   0.04163
   205/299    0.533G   0.07235   0.07389   0.02818    0.1744        19       640   0.01708    0.1667   0.02014  0.007287    0.1037   0.03732   0.04163
   206/299    0.533G   0.08155    0.1002   0.03107    0.2128        25       640   0.01145    0.3333   0.01414  0.004241    0.1036   0.03743   0.04182
   207/299    0.533G   0.08562   0.04261   0.03598    0.1642        10       640   0.01145    0.3333   0.01414  0.004241    0.1036   0.03743   0.04182
   208/299    0.533G   0.08957    0.1215   0.03207    0.2431        32       640   0.01139    0.3333   0.01254  0.004077    0.1035   0.03751   0.04225
   209/299    0.533G   0.08499    0.1242   0.03159    0.2408        32       640   0.01139    0.3333   0.01254  0.004077    0.1035   0.03751   0.04225
   210/299    0.533G   0.08131   0.07825   0.03272    0.1923        19       640    0.3795    0.1667   0.03312  0.003786    0.1035   0.03733   0.04277
   211/299    0.533G    0.0818   0.06496   0.02945    0.1762        16       640    0.3795    0.1667   0.03312  0.003786    0.1035   0.03733   0.04277
   212/299    0.533G   0.08472   0.05511   0.03292    0.1727        14       640    0.3785    0.1667   0.03471  0.003471    0.1033   0.03726   0.04281
   213/299    0.533G   0.07736   0.03698   0.02726    0.1416         8       640    0.3785    0.1667   0.03471  0.003471    0.1033   0.03726   0.04281
   214/299    0.533G   0.08721   0.06423   0.03168    0.1831        17       640   0.07552    0.6667   0.09706  0.009706    0.1035   0.03696   0.04311
   215/299    0.533G   0.09121   0.06865   0.03117     0.191        18       640   0.07552    0.6667   0.09706  0.009706    0.1035   0.03696   0.04311
   216/299    0.533G   0.09443    0.0631    0.0328    0.1903        17       640   0.07165    0.6667   0.09438  0.009438    0.1039   0.03671   0.04339
   217/299    0.533G   0.07568   0.06632   0.03215    0.1741        17       640   0.07165    0.6667   0.09438  0.009438    0.1039   0.03671   0.04339
   218/299    0.533G   0.07795   0.02579   0.03572    0.1395         5       640   0.06099    0.6667   0.07534  0.007534    0.1046   0.03641   0.04372
   219/299    0.533G   0.08553   0.07485     0.035    0.1954        17       640   0.06099    0.6667   0.07534  0.007534    0.1046   0.03641   0.04372
   220/299    0.533G    0.0775   0.04907   0.02639     0.153        12       640   0.04964    0.6667   0.08257   0.01572    0.1056   0.03592   0.04431
   221/299    0.533G   0.07746   0.04247   0.02681    0.1467         9       640   0.04964    0.6667   0.08257   0.01572    0.1056   0.03592   0.04431
   222/299    0.533G   0.09082   0.02517   0.02941    0.1454         5       640   0.05567    0.6667    0.0958   0.01859    0.1057   0.03599   0.04444
   223/299    0.533G    0.0792   0.03388    0.0298    0.1429         8       640   0.05567    0.6667    0.0958   0.01859    0.1057   0.03599   0.04444
   224/299    0.533G   0.08754   0.04976   0.03511    0.1724        13       640   0.06116    0.6667   0.09776   0.02719     0.106    0.0358   0.04435
   225/299    0.533G   0.06419    0.0426   0.02856    0.1353         9       640   0.06116    0.6667   0.09776   0.02719     0.106    0.0358   0.04435
   226/299    0.533G   0.08704   0.06491   0.02997    0.1819        17       640   0.05899    0.5233    0.0975   0.02721    0.1061   0.03571   0.04454
   227/299    0.533G   0.09048   0.07067   0.03359    0.1947        22       640   0.05899    0.5233    0.0975   0.02721    0.1061   0.03571   0.04454
   228/299    0.533G   0.07972   0.05854   0.03299    0.1713        14       640   0.04147       0.5   0.06908   0.01244     0.106   0.03564   0.04435
   229/299    0.533G   0.08738   0.05061   0.03305     0.171        14       640   0.04147       0.5   0.06908   0.01244     0.106   0.03564   0.04435
   230/299    0.533G   0.07481   0.03234    0.0278     0.135         7       640   0.04277       0.5   0.07739   0.02101     0.106   0.03564   0.04449
   231/299    0.533G   0.09148   0.09075   0.03094    0.2132        25       640   0.04277       0.5   0.07739   0.02101     0.106   0.03564   0.04449
   232/299    0.533G   0.08884   0.05118   0.03017    0.1702        15       640   0.04016       0.5   0.05251   0.01355    0.1056   0.03576   0.04459
   233/299    0.533G   0.08194    0.0653   0.02871    0.1759        18       640   0.04016       0.5   0.05251   0.01355    0.1056   0.03576   0.04459
   234/299    0.533G   0.07913   0.07814   0.02955    0.1868        18       640   0.04257       0.5   0.05801  0.009951    0.1058   0.03576   0.04474
   235/299    0.533G   0.08273   0.06106   0.03079    0.1746        17       640   0.04257       0.5   0.05801  0.009951    0.1058   0.03576   0.04474
   236/299    0.533G   0.07963    0.0558   0.03007    0.1655        14       640   0.04002       0.5    0.0533   0.00948    0.1059   0.03564   0.04476
   237/299    0.533G   0.08702    0.0854   0.03304    0.2055        22       640   0.04002       0.5    0.0533   0.00948    0.1059   0.03564   0.04476
   238/299    0.533G   0.08953   0.07179   0.03055    0.1919        19       640   0.04388       0.5   0.05251  0.009401    0.1057   0.03563   0.04476
   239/299    0.533G   0.08735   0.06774   0.02938    0.1845        19       640   0.04388       0.5   0.05251  0.009401    0.1057   0.03563   0.04476
   240/299    0.533G   0.09078   0.04084   0.02963    0.1613         9       640   0.04538       0.5   0.05421   0.00957    0.1053   0.03589   0.04456
   241/299    0.533G   0.08653   0.05254   0.02942    0.1685        15       640   0.04538       0.5   0.05421   0.00957    0.1053   0.03589   0.04456
   242/299    0.533G   0.08126    0.0756   0.02931    0.1862        21       640   0.02376       0.5   0.05443  0.009132    0.1047   0.03611   0.04445
   243/299    0.533G   0.09308   0.06974   0.02966    0.1925        19       640   0.02376       0.5   0.05443  0.009132    0.1047   0.03611   0.04445
   244/299    0.533G   0.08275    0.0728   0.02742     0.183        17       640   0.03881    0.6102   0.05819  0.009507    0.1042   0.03629   0.04433
   245/299    0.533G   0.08527   0.08424   0.03146     0.201        24       640   0.03881    0.6102   0.05819  0.009507    0.1042   0.03629   0.04433
   246/299    0.533G   0.06566    0.0392   0.02682    0.1317         8       640    0.0201       0.5   0.03568  0.005026    0.1031   0.03654   0.04443
   247/299    0.533G   0.07794   0.05297   0.02772    0.1586        11       640    0.0201       0.5   0.03568  0.005026    0.1031   0.03654   0.04443
   248/299    0.533G   0.07874   0.02936   0.02961    0.1377         7       640   0.03149       0.5   0.03883  0.008687     0.103   0.03664   0.04393
   249/299    0.533G   0.08307   0.07023   0.02992    0.1832        18       640   0.03149       0.5   0.03883  0.008687     0.103   0.03664   0.04393
   250/299    0.533G    0.0764   0.04587   0.02783    0.1501        10       640   0.03602       0.5   0.04256  0.009428    0.1032    0.0366   0.04405
   251/299    0.533G   0.07117   0.04313   0.03919    0.1535        10       640   0.03602       0.5   0.04256  0.009428    0.1032    0.0366   0.04405
   252/299    0.533G    0.0692   0.04913    0.0253    0.1436        11       640   0.02997       0.5   0.03503  0.007515    0.1031   0.03661   0.04429
   253/299    0.533G   0.07914    0.0789   0.03156    0.1896        18       640   0.02997       0.5   0.03503  0.007515    0.1031   0.03661   0.04429
   254/299    0.533G   0.07905   0.04032   0.03113    0.1505         9       640     0.033       0.5   0.04651   0.01399    0.1041   0.03629   0.04449
   255/299    0.533G   0.08985   0.08193   0.02996    0.2017        23       640     0.033       0.5   0.04651   0.01399    0.1041   0.03629   0.04449
   256/299    0.533G   0.07471    0.1121   0.03022     0.217        25       640   0.03395       0.5    0.0415   0.01248    0.1047     0.036   0.04471
   257/299    0.533G   0.09005   0.08582   0.03166    0.2075        21       640   0.03395       0.5    0.0415   0.01248    0.1047     0.036   0.04471
   258/299    0.533G   0.07876   0.05709   0.02534    0.1612        14       640   0.04488       0.5   0.05255   0.01112    0.1053   0.03575   0.04493
   259/299    0.533G   0.06935   0.04328   0.02831    0.1409         9       640   0.04488       0.5   0.05255   0.01112    0.1053   0.03575   0.04493
   260/299    0.533G   0.08118   0.05173    0.0306    0.1635        13       640   0.04466       0.5   0.06089   0.01838     0.105   0.03585   0.04473
   261/299    0.533G   0.07731   0.03275   0.02558    0.1356         8       640   0.04466       0.5   0.06089   0.01838     0.105   0.03585   0.04473
   262/299    0.533G   0.07959   0.05664   0.02898    0.1652        13       640   0.04667       0.5   0.06094   0.01843    0.1051   0.03585   0.04468
   263/299    0.533G   0.08897   0.09458   0.02932    0.2129        25       640   0.04667       0.5   0.06094   0.01843    0.1051   0.03585   0.04468
   264/299    0.533G   0.08223   0.03753   0.02843    0.1482        10       640   0.04149    0.4211   0.05441   0.01173    0.1049   0.03569   0.04409
   265/299    0.533G   0.07878   0.06764   0.03189    0.1783        15       640   0.04149    0.4211   0.05441   0.01173    0.1049   0.03569   0.04409
   266/299    0.533G    0.0875   0.07291   0.03097    0.1914        19       640   0.03653    0.6667   0.05275   0.01117    0.1053   0.03545   0.04402
   267/299    0.533G   0.08451   0.05671   0.03006    0.1713        13       640   0.03653    0.6667   0.05275   0.01117    0.1053   0.03545   0.04402
   268/299    0.533G   0.04828   0.04197   0.02059    0.1108         9       640   0.04391    0.6667   0.05256   0.01075    0.1061    0.0351   0.04415
   269/299    0.533G   0.07319   0.06164   0.02542    0.1602        17       640   0.04391    0.6667   0.05256   0.01075    0.1061    0.0351   0.04415
   270/299    0.533G    0.0866   0.06666   0.03033    0.1836        17       640   0.03986       0.5   0.05126   0.01065    0.1063   0.03503     0.044
   271/299    0.533G   0.07759   0.06808   0.03089    0.1766        18       640   0.03986       0.5   0.05126   0.01065    0.1063   0.03503     0.044
   272/299    0.533G   0.08177    0.1061   0.02798    0.2159        28       640   0.03971       0.5   0.05098   0.01101    0.1062   0.03508   0.04416
   273/299    0.533G   0.08149   0.09034   0.02842    0.2002        23       640   0.03971       0.5   0.05098   0.01101    0.1062   0.03508   0.04416
   274/299    0.533G   0.07488   0.05835   0.03433    0.1675        14       640   0.04139       0.5   0.06411   0.01077    0.1064   0.03502   0.04449
   275/299    0.533G   0.08707   0.08368   0.02995    0.2007        21       640   0.04139       0.5   0.06411   0.01077    0.1064   0.03502   0.04449
   276/299    0.533G   0.08307   0.06119   0.03016    0.1744        16       640   0.04461       0.5   0.06553   0.01087    0.1067   0.03493   0.04459
   277/299    0.533G    0.0821   0.06983   0.02938    0.1813        16       640   0.04461       0.5   0.06553   0.01087    0.1067   0.03493   0.04459
   278/299    0.533G   0.08502   0.04987   0.03193    0.1668        12       640   0.04568       0.5   0.06982   0.01396     0.107   0.03478    0.0444
   279/299    0.533G   0.06325   0.04853   0.02932    0.1411         9       640   0.04568       0.5   0.06982   0.01396     0.107   0.03478    0.0444
   280/299    0.533G   0.08768   0.05433   0.02956    0.1716        15       640   0.04505       0.5   0.07009   0.01175     0.107   0.03478   0.04429
   281/299    0.533G   0.07566   0.04576   0.02731    0.1487        10       640   0.04505       0.5   0.07009   0.01175     0.107   0.03478   0.04429
   282/299    0.533G   0.07368   0.04276   0.02755     0.144         9       640    0.0376       0.5   0.07383   0.01153    0.1067   0.03484   0.04416
   283/299    0.533G   0.07966   0.05064   0.03161    0.1619        14       640    0.0376       0.5   0.07383   0.01153    0.1067   0.03484   0.04416
   284/299    0.533G   0.04928    0.0527   0.01993    0.1219        12       640   0.04191    0.6667   0.05294    0.0106    0.1065   0.03487    0.0441
   285/299    0.533G   0.06099   0.03263   0.02604    0.1197         6       640   0.04191    0.6667   0.05294    0.0106    0.1065   0.03487    0.0441
   286/299    0.533G   0.07948   0.07377   0.02892    0.1822        17       640   0.03889    0.6667   0.04465   0.00914    0.1062   0.03506     0.044
   287/299    0.533G   0.08032   0.05314   0.02991    0.1634        12       640   0.03889    0.6667   0.04465   0.00914    0.1062   0.03506     0.044
   288/299    0.533G   0.07136   0.06592   0.02901    0.1663        15       640   0.03587    0.6667   0.03789  0.007786    0.1061   0.03517   0.04411
   289/299    0.533G   0.06689   0.07313   0.02792    0.1679        17       640   0.03587    0.6667   0.03789  0.007786    0.1061   0.03517   0.04411
   290/299    0.533G   0.04696   0.03748   0.02329    0.1077         9       640   0.03138    0.6667   0.03912  0.007933    0.1059   0.03517   0.04399
   291/299    0.533G   0.08105    0.1112   0.02924    0.2215        29       640   0.03138    0.6667   0.03912  0.007933    0.1059   0.03517   0.04399
   292/299    0.533G   0.07188   0.07349   0.02749    0.1729        19       640   0.03295    0.6667   0.03893  0.007913     0.106   0.03522   0.04422
   293/299    0.533G   0.08078    0.0619   0.02814    0.1708        15       640   0.03295    0.6667   0.03893  0.007913     0.106   0.03522   0.04422
   294/299    0.533G   0.09038   0.04697   0.03293    0.1703        14       640   0.03196    0.6667    0.0403  0.005539     0.106   0.03515   0.04413
   295/299    0.533G   0.06798   0.04396   0.02539    0.1373        10       640   0.03196    0.6667    0.0403  0.005539     0.106   0.03515   0.04413
   296/299    0.533G   0.07824   0.07924   0.02807    0.1856        19       640   0.03197    0.6667   0.04311  0.005854    0.1057   0.03522   0.04398
   297/299    0.533G   0.06678   0.03218   0.03109    0.1301         8       640   0.03197    0.6667   0.04311  0.005854    0.1057   0.03522   0.04398
   298/299    0.533G   0.08253   0.09069   0.03044    0.2037        21       640    0.0296    0.6667   0.03881  0.005582    0.1056   0.03521   0.04384
   299/299    0.533G   0.08545    0.0734   0.03001    0.1889        19       640    0.0296    0.6667   0.03881  0.005582    0.1056   0.03521   0.04384
